0.01 74993.3 1000 -74993.3 -1000
0.02 149987 2000 -149987 -2000
0.03 224980 3000 -224980 -3000
0.04 299973 4000 -299973 -4000
0.05 374967 5000 -374967 -5000
0.06 449960 6000 -449960 -6000
0.07 524953 7000 -524953 -7000
0.08 599947 8000 -599947 -8000
0.09 674940 9000 -674940 -9000
0.1 749933 10000 -749933 -10000
0.11 824927 11000 -824927 -11000
0.12 899920 12000 -899920 -12000
0.13 974913 13000 -974913 -13000
0.14 1.04991e+06 14000 -1.04991e+06 -14000
0.15 1.1249e+06 15000 -1.1249e+06 -15000
0.16 1.19989e+06 16000 -1.19989e+06 -16000
0.17 1.27489e+06 17000 -1.27489e+06 -17000
0.18 1.34988e+06 18000 -1.34988e+06 -18000
0.19 1.42487e+06 19000 -1.42487e+06 -19000
0.2 1.49987e+06 20000 -1.49987e+06 -20000
0.21 1.57486e+06 21000 -1.57486e+06 -21000
0.22 1.64985e+06 22000 -1.64985e+06 -22000
0.23 1.72485e+06 23000 -1.72485e+06 -23000
0.24 1.79984e+06 24000 -1.79984e+06 -24000
0.25 1.87483e+06 25000 -1.87483e+06 -25000
0.26 1.94983e+06 26000 -1.94983e+06 -26000
0.27 2.02482e+06 27000 -2.02482e+06 -27000
0.28 2.09981e+06 28000 -2.09981e+06 -28000
0.29 2.17481e+06 29000 -2.17481e+06 -29000
0.3 2.2498e+06 30000 -2.2498e+06 -30000
0.31 2.32479e+06 31000 -2.32479e+06 -31000
0.32 2.39979e+06 32000 -2.39979e+06 -32000
0.33 2.47478e+06 33000 -2.47478e+06 -33000
0.34 2.54977e+06 34000 -2.54977e+06 -34000
0.35 2.62477e+06 35000 -2.62477e+06 -35000
0.36 2.69976e+06 36000 -2.69976e+06 -36000
0.37 2.77475e+06 37000 -2.77475e+06 -37000
0.38 2.84975e+06 38000 -2.84975e+06 -38000
0.39 2.92474e+06 39000 -2.92474e+06 -39000
0.4 2.99973e+06 40000 -2.99973e+06 -40000
0.41 3.07473e+06 41000 -3.07473e+06 -41000
0.42 3.14972e+06 42000 -3.14972e+06 -42000
0.43 3.22471e+06 43000 -3.22471e+06 -43000
0.44 3.29971e+06 44000 -3.29971e+06 -44000
0.45 3.3747e+06 45000 -3.3747e+06 -45000
0.46 3.44969e+06 46000 -3.44969e+06 -46000
0.47 3.52469e+06 47000 -3.52469e+06 -47000
0.48 3.59968e+06 48000 -3.59968e+06 -48000
0.49 3.67467e+06 49000 -3.67467e+06 -49000
0.5 3.74967e+06 50000 -3.74967e+06 -50000
0.51 3.82466e+06 51000 -3.82466e+06 -51000
0.52 3.89965e+06 52000 -3.89965e+06 -52000
0.53 3.97465e+06 53000 -3.97465e+06 -53000
0.54 4.04964e+06 54000 -4.04964e+06 -54000
0.55 4.12463e+06 55000 -4.12463e+06 -55000
0.56 4.19963e+06 56000 -4.19963e+06 -56000
0.57 4.27462e+06 57000 -4.27462e+06 -57000
0.58 4.34961e+06 58000 -4.34961e+06 -58000
0.59 4.42461e+06 59000 -4.42461e+06 -59000
0.6 4.4996e+06 60000 -4.4996e+06 -60000
0.61 4.57459e+06 61000 -4.57459e+06 -61000
0.62 4.64959e+06 62000 -4.64959e+06 -62000
0.63 4.72458e+06 63000 -4.72458e+06 -63000
0.64 4.79957e+06 64000 -4.79957e+06 -64000
0.65 4.87457e+06 65000 -4.87457e+06 -65000
0.66 4.94956e+06 66000 -4.94956e+06 -66000
0.67 5.02455e+06 67000 -5.02455e+06 -67000
0.68 5.09955e+06 68000 -5.09955e+06 -68000
0.69 5.17454e+06 69000 -5.17454e+06 -69000
0.7 5.24953e+06 70000 -5.24953e+06 -70000
0.71 5.32453e+06 71000 -5.32453e+06 -71000
0.72 5.39952e+06 72000 -5.39952e+06 -72000
0.73 5.47451e+06 73000 -5.47451e+06 -73000
0.74 5.54951e+06 74000 -5.54951e+06 -74000
0.75 5.6245e+06 75000 -5.6245e+06 -75000
0.76 5.69949e+06 76000 -5.69949e+06 -76000
0.77 5.77449e+06 77000 -5.77449e+06 -77000
0.78 5.84948e+06 78000 -5.84948e+06 -78000
0.79 5.92447e+06 79000 -5.92447e+06 -79000
0.8 5.99947e+06 80000 -5.99947e+06 -80000
0.81 6.07446e+06 81000 -6.07446e+06 -81000
0.82 6.14945e+06 82000 -6.14945e+06 -82000
0.83 6.22445e+06 83000 -6.22445e+06 -83000
0.84 6.29944e+06 84000 -6.29944e+06 -84000
0.85 6.37443e+06 85000 -6.37443e+06 -85000
0.86 6.44943e+06 86000 -6.44943e+06 -86000
0.87 6.52442e+06 87000 -6.52442e+06 -87000
0.88 6.59941e+06 88000 -6.59941e+06 -88000
0.89 6.67441e+06 89000 -6.67441e+06 -89000
0.9 6.7494e+06 90000 -6.7494e+06 -90000
0.91 6.82439e+06 91000 -6.82439e+06 -91000
0.92 6.89939e+06 92000 -6.89939e+06 -92000
0.93 6.97438e+06 93000 -6.97438e+06 -93000
0.94 7.04937e+06 94000 -7.04937e+06 -94000
0.95 7.12437e+06 95000 -7.12437e+06 -95000
0.96 7.19936e+06 96000 -7.19936e+06 -96000
0.97 7.27435e+06 97000 -7.27435e+06 -97000
0.98 7.34935e+06 98000 -7.34935e+06 -98000
0.99 7.42434e+06 99000 -7.42434e+06 -99000
1 7.49933e+06 100000 -7.49933e+06 -100000
