0.01 -75000
0.02 -150000
0.03 -225000
0.04 -300000
0.05 -375000
0.06 -450000
0.07 -525000
0.08 -600000
0.09 -675000
0.1 -750000
0.11 -825000
0.12 -900000
0.13 -975000
0.14 -1.05e+06
0.15 -1.125e+06
0.16 -1.2e+06
0.17 -1.275e+06
0.18 -1.35e+06
0.19 -1.425e+06
0.2 -1.5e+06
0.21 -1.575e+06
0.22 -1.65e+06
0.23 -1.725e+06
0.24 -1.8e+06
0.25 -1.875e+06
0.26 -1.95e+06
0.27 -2.025e+06
0.28 -2.1e+06
0.29 -2.175e+06
0.3 -2.25e+06
0.31 -2.325e+06
0.32 -2.4e+06
0.33 -2.475e+06
0.34 -2.55e+06
0.35 -2.625e+06
0.36 -2.7e+06
0.37 -2.775e+06
0.38 -2.85e+06
0.39 -2.925e+06
0.4 -3e+06
0.41 -3.075e+06
0.42 -3.15e+06
0.43 -3.225e+06
0.44 -3.3e+06
0.45 -3.375e+06
0.46 -3.45e+06
0.47 -3.525e+06
0.48 -3.6e+06
0.49 -3.675e+06
0.5 -3.75e+06
0.51 -3.825e+06
0.52 -3.9e+06
0.53 -3.975e+06
0.54 -4.05e+06
0.55 -4.125e+06
0.56 -4.2e+06
0.57 -4.275e+06
0.58 -4.35e+06
0.59 -4.425e+06
0.6 -4.5e+06
0.61 -4.575e+06
0.62 -4.65e+06
0.63 -4.725e+06
0.64 -4.8e+06
0.65 -4.875e+06
0.66 -4.95e+06
0.67 -5.025e+06
0.68 -5.1e+06
0.69 -5.175e+06
0.7 -5.25e+06
0.71 -5.325e+06
0.72 -5.4e+06
0.73 -5.475e+06
0.74 -5.55e+06
0.75 -5.625e+06
0.76 -5.7e+06
0.77 -5.775e+06
0.78 -5.85e+06
0.79 -5.925e+06
0.8 -6e+06
0.81 -6.075e+06
0.82 -6.15e+06
0.83 -6.225e+06
0.84 -6.3e+06
0.85 -6.375e+06
0.86 -6.45e+06
0.87 -6.525e+06
0.88 -6.6e+06
0.89 -6.675e+06
0.9 -6.75e+06
0.91 -6.825e+06
0.92 -6.9e+06
0.93 -6.975e+06
0.94 -7.05e+06
0.95 -7.125e+06
0.96 -7.2e+06
0.97 -7.275e+06
0.98 -7.35e+06
0.99 -7.425e+06
1 -7.5e+06
