1.33371 -1.25342e-23 -2.156e-05 -7.65375e-21
2.66248 -9.16258e-23 -4.312e-05 -4.5979e-20
3.98632 8.37779e-23 -6.468e-05 -5.84744e-20
5.30523 -2.82932e-22 -8.624e-05 -7.17539e-21
6.6192 -8.69235e-23 -0.0001078 -1.17158e-20
7.92823 1.99021e-22 -0.00012936 -1.13517e-19
9.23233 6.54757e-22 -0.00015092 -1.2022e-19
10.5315 2.5126e-22 -0.00017248 -1.32075e-19
11.8257 6.87577e-23 -0.00019404 -1.5333e-19
13.115 7.00735e-22 -0.0002156 -1.21554e-19
14.3993 -3.06062e-22 -0.00023716 -2.08901e-19
15.6787 -4.06695e-22 -0.00025872 -9.71248e-20
16.9531 -6.39283e-23 -0.00028028 -9.13998e-20
18.2226 4.23657e-22 -0.00030184 -6.3112e-20
19.4872 1.20264e-21 -0.0003234 -2.53706e-19
20.7468 -5.5987e-22 -0.00034496 -2.33273e-20
22.0015 -1.24146e-21 -0.00036652 -5.29084e-20
23.2512 -1.04455e-21 -0.00038808 -4.10972e-19
24.4959 2.42593e-21 -0.00040964 -1.77733e-19
25.7357 1.51921e-21 -0.0004312 -4.4921e-19
26.9706 -4.6611e-22 -0.00045276 -4.33664e-19
28.2004 -1.32184e-21 -0.00047432 -1.21791e-19
29.4254 -3.52703e-21 -0.00049588 -6.22784e-19
30.6453 7.1259e-22 -0.00051744 -1.21335e-19
31.8604 2.09492e-21 -0.000539 -3.54278e-19
33.0704 3.44835e-22 -0.00056056 -6.24045e-19
34.2755 -7.60991e-22 -0.00058212 -8.17923e-19
35.4756 -3.09345e-21 -0.00060368 -3.67318e-19
36.6708 1.24768e-21 -0.00062524 -3.96611e-19
37.861 -3.53427e-21 -0.0006468 -1.71702e-19
39.0462 -1.42064e-21 -0.00066836 -4.96498e-19
40.2265 1.14183e-21 -0.00068992 -1.67831e-19
41.4018 -1.75246e-21 -0.00071148 -1.87741e-19
42.5721 3.70184e-22 -0.00073304 -7.20571e-19
43.7375 -3.77819e-22 -0.0007546 -4.52805e-19
44.8979 7.08205e-22 -0.00077616 -1.34947e-18
46.0533 1.75752e-21 -0.00079772 -7.36606e-19
47.2037 2.5294e-21 -0.00081928 -5.27794e-19
48.3491 -9.04081e-22 -0.00084084 -7.3528e-19
49.4896 -8.87566e-22 -0.0008624 -6.28912e-19
50.6251 1.25708e-22 -0.00088396 -5.39513e-19
51.7556 3.46589e-21 -0.00090552 -4.9678e-19
52.8812 1.61753e-21 -0.00092708 -3.13476e-19
54.0017 3.07648e-21 -0.00094864 -7.17548e-19
55.1173 -1.5191e-21 -0.0009702 -4.82406e-19
56.2279 1.20283e-21 -0.00099176 -7.22217e-19
57.3335 -1.19094e-21 -0.00101332 -1.32389e-18
58.4341 9.82882e-22 -0.00103488 -4.66984e-19
59.5297 -2.08886e-21 -0.00105644 -1.82723e-19
60.6203 4.74269e-21 -0.001078 -6.1958e-19
61.7059 -3.52978e-22 -0.00109956 -1.19267e-18
62.7866 -8.21156e-22 -0.00112112 -5.51298e-19
63.8622 1.04186e-21 -0.00114268 -1.21522e-18
64.9329 4.35964e-22 -0.00116424 -3.96289e-19
65.9985 -2.03681e-21 -0.0011858 -9.17142e-19
67.0592 -4.46243e-21 -0.00120736 -3.59124e-19
68.1148 3.81953e-21 -0.00122892 -1.62003e-18
69.1655 -3.26612e-21 -0.00125048 2.66983e-20
70.2111 3.27109e-22 -0.00127204 -9.94269e-19
71.2518 8.11437e-21 -0.0012936 9.04735e-21
72.2874 2.3846e-21 -0.00131516 3.51469e-19
73.318 -4.43839e-21 -0.00133672 -5.42183e-19
74.3437 1.72102e-21 -0.00135828 -1.35689e-18
75.3643 9.19967e-21 -0.00137984 -4.78646e-19
76.3799 1.48496e-21 -0.0014014 -1.51531e-19
77.3905 3.52392e-22 -0.00142296 -1.13943e-18
78.396 6.70886e-21 -0.00144452 -6.96725e-19
79.3966 4.80664e-21 -0.00146608 -9.92319e-19
80.3922 -3.30148e-21 -0.00148764 -1.80628e-18
81.3827 5.68633e-21 -0.0015092 -1.05269e-18
82.3682 7.98255e-21 -0.00153076 -1.61288e-18
83.3487 4.05168e-21 -0.00155232 -1.2644e-19
84.3241 -1.07129e-20 -0.00157388 -2.90621e-19
85.2946 4.08651e-21 -0.00159544 -8.36457e-19
86.26 -1.63623e-21 -0.001617 4.38229e-19
87.2204 -3.9664e-21 -0.00163856 -3.3443e-19
88.1758 -3.19681e-21 -0.00166012 2.58126e-19
89.1261 -1.63785e-21 -0.00168168 -2.00771e-18
90.0714 -5.81854e-21 -0.00170324 -7.56321e-19
91.0117 4.90662e-21 -0.0017248 -8.45557e-19
91.9469 -1.0318e-20 -0.00174636 5.46416e-19
92.8771 5.27681e-21 -0.00176792 -1.97086e-18
93.8023 -3.3016e-21 -0.00178948 -1.65802e-18
94.7224 4.47416e-21 -0.00181104 -2.24495e-18
95.6375 -9.85431e-22 -0.0018326 -8.07782e-19
96.5476 -6.34509e-21 -0.00185416 -2.13729e-19
97.4526 -6.69507e-21 -0.00187572 9.82094e-20
98.3525 -1.65352e-21 -0.00189728 -2.81182e-18
99.2475 8.06801e-21 -0.00191884 -9.2285e-19
100.137 -6.70614e-21 -0.0019404 -1.77051e-18
101.022 2.83252e-21 -0.00196196 -1.79174e-18
101.902 1.51585e-21 -0.00198352 -6.53559e-19
102.777 4.97756e-21 -0.00200508 -8.23316e-19
103.646 -5.1638e-21 -0.00202664 -1.19338e-18
104.511 -1.41945e-20 -0.0020482 -1.5988e-18
105.371 7.39518e-22 -0.00206976 -2.34751e-18
106.225 -4.91733e-21 -0.00209132 -2.26304e-18
107.075 2.86346e-21 -0.00211288 -4.4946e-18
107.919 5.05544e-21 -0.00213444 -2.86094e-18
108.758 -2.49622e-21 -0.002156 -1.15814e-18
109.593 7.07588e-22 -0.00217756 -2.21207e-18
110.422 3.54433e-21 -0.00219912 -2.06302e-18
111.246 3.38262e-21 -0.00222068 5.5386e-19
112.065 1.11765e-20 -0.00224224 -1.47349e-18
112.879 -1.52481e-21 -0.0022638 -2.80774e-18
113.688 7.89299e-21 -0.00228536 -2.36281e-18
114.492 4.07832e-21 -0.00230692 -1.3728e-18
115.291 -4.92954e-21 -0.00232848 -9.26059e-19
116.084 4.01764e-22 -0.00235004 -3.63564e-18
116.873 -9.70824e-21 -0.0023716 -3.9963e-20
117.656 -1.38018e-21 -0.00239316 -1.4792e-18
118.435 -1.5877e-21 -0.00241472 -3.05871e-18
119.208 -7.72993e-21 -0.00243628 -2.77581e-18
119.977 -8.82768e-21 -0.00245784 -3.06324e-18
120.74 1.0378e-20 -0.0024794 -4.22514e-18
121.498 8.37561e-21 -0.00250096 -4.56658e-19
122.251 -1.3547e-20 -0.00252252 -2.03941e-18
122.999 5.29796e-21 -0.00254408 -2.06617e-18
123.742 5.97905e-21 -0.00256564 -3.78611e-19
124.48 1.39249e-20 -0.0025872 -2.8851e-18
125.212 6.24802e-21 -0.00260876 -3.75575e-18
125.94 -4.58362e-21 -0.00263032 -2.71787e-18
126.663 -1.20609e-20 -0.00265188 -2.69631e-18
127.38 -6.20894e-22 -0.00267344 -1.00773e-18
128.092 2.03608e-20 -0.002695 -4.17211e-18
128.8 -5.01069e-21 -0.00271656 7.03021e-20
129.502 -1.51964e-20 -0.00273812 -2.47534e-18
130.199 4.68864e-21 -0.00275968 -3.97972e-18
130.891 6.01534e-21 -0.00278124 -4.35464e-18
131.577 7.64458e-21 -0.0028028 -2.33727e-18
132.259 -1.59073e-20 -0.00282436 -4.50645e-19
132.936 -8.33881e-21 -0.00284592 -2.94215e-18
133.607 1.19181e-20 -0.00286748 -4.13419e-18
134.273 -8.88658e-21 -0.00288904 4.08289e-19
134.935 -1.2994e-21 -0.0029106 -4.12423e-18
135.591 -4.07385e-21 -0.00293216 -4.73165e-18
136.242 -1.16259e-20 -0.00295372 -4.89933e-18
136.888 1.33682e-20 -0.00297528 -5.45497e-18
137.528 2.32647e-21 -0.00299684 -9.36426e-19
138.164 1.17073e-20 -0.0030184 -9.84418e-19
138.794 -1.52425e-21 -0.00303996 -2.88949e-18
139.42 -9.05322e-21 -0.00306152 -5.94659e-19
140.04 2.85808e-21 -0.00308308 -4.71673e-18
140.655 2.05094e-20 -0.00310464 -5.69003e-18
141.265 6.78378e-21 -0.0031262 3.59701e-19
141.87 6.07612e-22 -0.00314776 -3.35369e-18
142.47 9.81913e-21 -0.00316932 -1.93346e-18
143.064 -2.02427e-20 -0.00319088 -1.42218e-18
143.654 6.69967e-21 -0.00321244 -4.51575e-18
144.238 2.75056e-20 -0.003234 -9.53221e-18
144.817 1.03084e-20 -0.00325556 1.59729e-18
145.391 6.5622e-21 -0.00327712 -3.26693e-18
145.96 3.64978e-20 -0.00329868 -7.18848e-18
146.524 -1.13e-20 -0.00332024 1.29484e-18
147.082 1.59144e-20 -0.0033418 -6.80405e-18
147.636 -5.56058e-21 -0.00336336 -2.47021e-18
148.184 6.01628e-21 -0.00338492 4.06872e-19
148.727 1.85498e-21 -0.00340648 -1.548e-18
149.265 6.18299e-21 -0.00342804 2.26186e-19
149.798 1.92574e-20 -0.0034496 -5.51129e-18
150.325 -3.13088e-22 -0.00347116 -4.59404e-18
150.848 1.21706e-22 -0.00349272 -3.02568e-18
151.365 8.61758e-21 -0.00351428 -7.9212e-18
151.877 -3.08043e-22 -0.00353584 2.58757e-18
152.384 7.93729e-21 -0.0035574 -3.66654e-18
152.886 -1.84966e-20 -0.00357896 -7.11286e-19
153.382 -1.16315e-20 -0.00360052 4.88967e-20
153.874 1.56346e-20 -0.00362208 -3.55691e-19
154.36 -1.03374e-20 -0.00364364 -6.52435e-18
154.841 4.88348e-21 -0.0036652 1.19139e-18
155.317 4.6563e-21 -0.00368676 -1.14409e-18
155.788 -8.79678e-21 -0.00370832 -5.26312e-18
156.253 7.80793e-21 -0.00372988 -8.7218e-19
156.714 -3.07816e-20 -0.00375144 -9.87333e-18
157.169 -9.37293e-22 -0.003773 -3.38071e-18
157.619 -1.67891e-20 -0.00379456 -1.1613e-17
158.064 3.28235e-21 -0.00381612 2.25296e-18
158.503 5.5902e-21 -0.00383768 -2.66046e-18
158.938 1.13351e-20 -0.00385924 6.8521e-18
159.367 -5.32895e-21 -0.0038808 -1.38026e-17
159.791 -7.81402e-21 -0.00390236 -6.57496e-19
160.21 -1.92996e-21 -0.00392392 -2.90695e-18
160.623 1.78382e-21 -0.00394548 6.34656e-18
161.032 -4.60047e-21 -0.00396704 2.03063e-18
161.435 -7.30915e-21 -0.0039886 -9.92463e-18
161.833 1.48807e-20 -0.00401016 -5.09717e-18
162.226 8.75184e-21 -0.00403172 -2.0291e-18
162.613 -1.57347e-20 -0.00405328 -3.28084e-18
162.996 -1.30153e-20 -0.00407484 -5.05412e-18
163.373 -2.49769e-20 -0.0040964 -3.72728e-18
163.745 2.51897e-21 -0.00411796 -1.15042e-17
164.111 1.62834e-20 -0.00413952 -9.95484e-18
164.473 -6.97392e-21 -0.00416108 5.63748e-18
164.829 7.70546e-21 -0.00418264 -1.10372e-18
165.18 -5.56149e-21 -0.0042042 -5.32978e-18
165.526 -1.51497e-20 -0.00422576 -5.88251e-18
165.866 -9.01808e-21 -0.00424732 -3.1809e-18
166.202 6.8032e-21 -0.00426888 3.56165e-19
166.532 -2.30361e-21 -0.00429044 -2.24021e-18
166.857 1.09912e-20 -0.004312 -1.76948e-18
167.177 1.98478e-20 -0.00433356 -8.6039e-18
167.491 1.40199e-20 -0.00435512 -7.75053e-19
167.8 -1.39648e-20 -0.00437668 1.16343e-18
168.104 6.99973e-23 -0.00439824 -9.05954e-18
168.403 1.9983e-20 -0.0044198 -1.76484e-18
168.696 -3.3973e-20 -0.00444136 1.79666e-19
168.984 -9.61744e-21 -0.00446292 -1.32102e-17
169.267 -1.5713e-20 -0.00448448 -1.25262e-18
169.545 1.80336e-20 -0.00450604 -1.02614e-17
169.817 -1.71961e-20 -0.0045276 -1.33034e-19
170.085 -1.69803e-20 -0.00454916 -2.13319e-18
170.346 -3.88356e-21 -0.00457072 -9.17776e-18
170.603 5.90049e-21 -0.00459228 2.7892e-18
170.855 -3.70668e-21 -0.00461384 1.26573e-17
171.101 -9.30173e-21 -0.0046354 5.92129e-18
171.341 -1.69287e-20 -0.00465696 -2.48274e-18
171.577 1.2983e-20 -0.00467852 4.95908e-19
171.807 -1.58184e-20 -0.00470008 -1.75976e-17
172.032 1.99353e-21 -0.00472164 5.52149e-18
172.252 1.59172e-20 -0.0047432 -2.02719e-17
172.467 7.712e-23 -0.00476476 8.86424e-18
172.676 1.0009e-20 -0.00478632 -6.92806e-18
172.88 -1.06838e-20 -0.00480788 -1.53956e-17
173.078 -2.89444e-20 -0.00482944 8.24452e-18
173.272 -2.27886e-21 -0.004851 3.0344e-18
173.46 2.68198e-21 -0.00487256 -1.39682e-17
173.643 1.34959e-20 -0.00489412 -1.51105e-17
173.82 2.03269e-20 -0.00491568 -1.67587e-17
173.992 -1.14385e-21 -0.00493724 5.75039e-18
174.159 9.66933e-21 -0.0049588 9.22537e-19
174.321 1.82847e-20 -0.00498036 -4.95296e-18
174.477 -8.96063e-21 -0.00500192 8.86106e-18
174.628 -1.11518e-20 -0.00502348 7.34869e-18
174.774 -5.92597e-21 -0.00504504 3.05233e-18
174.914 1.64125e-20 -0.0050666 -1.03506e-17
175.049 -3.74658e-20 -0.00508816 8.27095e-18
175.179 -2.03309e-20 -0.00510972 -1.11146e-17
175.303 3.1466e-21 -0.00513128 -3.88373e-18
175.422 2.15425e-20 -0.00515284 -9.29381e-18
175.536 -1.58339e-20 -0.0051744 -8.53894e-18
175.645 1.34323e-20 -0.00519596 -3.04042e-18
175.748 1.98262e-20 -0.00521752 -1.43072e-18
175.845 -2.06518e-20 -0.00523908 1.20389e-17
175.938 2.91026e-20 -0.00526064 -2.21593e-17
176.025 -3.22872e-20 -0.0052822 2.89931e-17
176.107 -2.02045e-20 -0.00530376 -7.36996e-18
176.183 3.06181e-20 -0.00532532 -3.85592e-17
176.255 -2.56149e-20 -0.00534688 1.38371e-17
176.32 -1.84936e-20 -0.00536844 -1.04604e-17
176.381 3.30667e-20 -0.00539 -1.39816e-17
176.436 1.34507e-21 -0.00541156 -6.39343e-18
176.486 -1.57767e-20 -0.00543312 1.91253e-17
176.53 3.01426e-20 -0.00545468 -3.51608e-17
176.569 -1.10663e-20 -0.00547624 2.21162e-17
176.603 -1.10585e-20 -0.0054978 -1.4925e-17
176.631 -3.21418e-20 -0.00551936 1.81557e-17
176.654 -1.09386e-20 -0.00554092 1.56186e-17
176.672 -2.32678e-20 -0.00556248 1.48739e-17
176.684 7.36827e-21 -0.00558404 -4.44758e-17
176.691 3.10368e-20 -0.0056056 -1.50993e-17
176.692 3.9891e-21 -0.00562716 -1.64211e-18
176.689 -7.11466e-21 -0.00564872 6.13726e-18
176.679 -9.81436e-21 -0.00567028 3.18966e-17
176.665 7.95371e-22 -0.00569184 -2.59242e-17
176.645 -1.77198e-20 -0.0057134 -2.68006e-17
176.619 3.89862e-21 -0.00573496 -2.20098e-18
176.589 -2.84455e-21 -0.00575652 -6.77772e-18
176.552 -2.9914e-21 -0.00577808 2.09916e-17
176.511 -2.40281e-20 -0.00579964 1.11875e-17
176.464 -8.36718e-21 -0.0058212 -3.26572e-17
176.412 -2.37456e-20 -0.00584276 -4.42531e-18
176.354 3.42748e-20 -0.00586432 -3.24094e-17
176.291 -3.98295e-21 -0.00588588 4.82248e-18
176.222 8.41922e-22 -0.00590744 -1.71708e-17
176.148 1.66737e-20 -0.005929 -7.75931e-18
176.069 -2.19736e-20 -0.00595056 7.63334e-17
175.984 6.28997e-22 -0.00597212 -1.61538e-17
175.894 -2.4365e-20 -0.00599368 -2.91318e-18
175.799 3.29207e-20 -0.00601524 3.37055e-17
175.698 -2.00961e-20 -0.0060368 -7.02564e-18
175.591 -4.35004e-21 -0.00605836 -4.9067e-17
175.479 1.82681e-20 -0.00607992 -6.72245e-17
175.362 -2.95347e-20 -0.00610148 -2.84651e-17
175.239 1.8448e-20 -0.00612304 3.61153e-17
175.111 -2.51434e-20 -0.0061446 2.7422e-18
174.978 8.21163e-22 -0.00616616 -7.20682e-17
174.839 3.57515e-21 -0.00618772 1.32763e-17
174.694 5.45257e-21 -0.00620928 -8.74907e-17
174.545 -9.3397e-21 -0.00623084 9.74391e-18
174.389 4.83482e-21 -0.0062524 1.31673e-18
174.228 1.91585e-20 -0.00627396 -6.56171e-17
174.062 -2.73686e-20 -0.00629552 -5.42466e-17
173.891 9.99053e-21 -0.00631708 4.13422e-17
173.713 3.50801e-20 -0.00633864 -2.37155e-17
173.531 1.41427e-20 -0.0063602 1.62999e-16
173.343 -1.29173e-20 -0.00638176 -1.29607e-16
173.149 6.13274e-21 -0.00640332 -8.23853e-17
172.95 1.11734e-20 -0.00642488 3.04536e-17
172.746 3.4051e-21 -0.00644644 -2.84103e-17
172.536 1.68784e-20 -0.006468 -1.0424e-16
172.321 -1.12497e-20 -0.00648956 1.44622e-16
172.1 -2.27741e-20 -0.00651112 2.91519e-17
171.874 -1.44588e-20 -0.00653268 -7.84117e-18
171.642 9.41618e-21 -0.00655424 1.45365e-16
171.404 4.4914e-20 -0.0065758 2.15655e-17
171.162 1.25685e-20 -0.00659736 1.0255e-16
170.913 -2.16204e-20 -0.00661892 -3.05627e-16
170.66 2.24009e-21 -0.00664048 -1.64705e-16
170.4 1.6364e-20 -0.00666204 -4.5189e-17
170.136 -3.7193e-20 -0.0066836 3.79481e-16
169.865 1.19808e-20 -0.00670516 -5.43098e-17
169.59 2.27193e-20 -0.00672672 -1.69722e-18
169.308 2.26386e-20 -0.00674828 2.20995e-16
169.022 -2.07671e-20 -0.00676984 2.37438e-16
168.729 5.91263e-21 -0.0067914 -3.13645e-16
168.431 2.36527e-20 -0.00681296 9.13495e-17
168.128 -1.3199e-20 -0.00683452 2.8273e-16
167.819 4.79334e-22 -0.00685608 4.56421e-16
167.505 -1.4463e-20 -0.00687764 -1.08286e-15
167.185 1.23e-20 -0.0068992 1.10758e-15
166.859 9.88385e-21 -0.00692076 -2.78524e-15
166.529 1.09197e-20 -0.00694232 -5.8141e-15
166.192 -2.43509e-21 -0.00696388 -1.73088e-15
165.85 8.57022e-21 -0.00698544 -9.34477e-16
165.502 -4.05015e-20 -0.007007 9.36136e-16
165.149 7.45253e-21 -0.00702856 1.46574e-15
164.79 1.05211e-20 -0.00705012 1.03294e-16
164.426 -1.05642e-20 -0.00707168 -3.8163e-16
164.056 -1.60716e-20 -0.00709324 -2.70706e-16
163.681 8.57044e-21 -0.0071148 1.69534e-16
163.3 2.21726e-20 -0.00713636 1.45977e-16
162.914 -1.07714e-20 -0.00715792 -3.79575e-16
162.522 -2.58311e-20 -0.00717948 3.29824e-16
162.124 -1.56727e-20 -0.00720104 1.32212e-16
161.721 3.49443e-20 -0.0072226 1.87844e-18
161.312 1.88444e-20 -0.00724416 5.95017e-19
160.898 -3.85656e-20 -0.00726572 -2.58004e-16
160.478 -2.19415e-20 -0.00728728 -1.76948e-16
160.052 -2.49472e-20 -0.00730884 -1.16182e-16
159.621 2.32197e-21 -0.0073304 5.19476e-17
159.184 1.52279e-20 -0.00735196 -2.5528e-16
158.742 -1.6939e-20 -0.00737352 -1.51664e-16
158.294 -8.64872e-21 -0.00739508 1.93009e-16
157.84 -3.47592e-20 -0.00741664 -1.43958e-16
157.381 -1.07856e-21 -0.0074382 1.75688e-16
156.917 2.09451e-20 -0.00745976 -2.21617e-17
156.446 -2.85385e-21 -0.00748132 -2.4675e-17
155.97 -6.15523e-21 -0.00750288 2.15176e-17
155.489 1.68057e-20 -0.00752444 -5.26391e-17
155.001 -2.05556e-20 -0.007546 -1.01125e-16
154.509 3.71126e-21 -0.00756756 6.25669e-17
154.01 9.33863e-21 -0.00758912 -1.28002e-16
153.506 -1.22203e-20 -0.00761068 -2.25723e-17
152.996 -1.97287e-20 -0.00763224 -1.9007e-17
152.481 -2.45714e-22 -0.0076538 -1.33277e-17
151.96 -8.83519e-21 -0.00767536 1.99985e-17
151.433 -3.30296e-20 -0.00769692 8.71701e-17
150.901 -6.75049e-20 -0.00771848 3.96981e-17
150.363 -3.53156e-20 -0.00774004 -8.78295e-18
149.819 -2.20716e-20 -0.0077616 -4.47735e-17
149.27 1.3856e-20 -0.00778316 9.27774e-17
148.715 2.27352e-20 -0.00780472 -2.5252e-17
148.155 2.42173e-20 -0.00782628 1.87454e-17
147.588 3.87575e-21 -0.00784784 -7.29492e-17
147.016 1.93225e-20 -0.0078694 2.51287e-17
146.439 -6.47328e-20 -0.00789096 -4.46846e-17
145.855 -4.46065e-20 -0.00791252 -3.51e-17
145.266 1.571e-20 -0.00793408 -6.55961e-17
144.672 -2.8507e-20 -0.00795564 -1.17306e-18
144.071 -1.19902e-20 -0.0079772 -2.0883e-17
143.465 -4.68394e-20 -0.00799876 3.92218e-17
142.853 6.38067e-21 -0.00802032 -2.89831e-17
142.236 -3.88506e-20 -0.00804188 -4.26589e-17
141.613 -2.61136e-20 -0.00806344 5.38473e-17
140.984 -1.76985e-20 -0.008085 -4.68653e-17
140.349 1.13626e-20 -0.00810656 6.92036e-17
139.709 1.92255e-20 -0.00812812 -7.11531e-17
139.063 -3.08369e-21 -0.00814968 7.23773e-19
138.411 -8.18419e-21 -0.00817124 -3.56897e-17
137.754 1.82922e-20 -0.0081928 -5.92191e-17
137.091 -2.83634e-20 -0.00821436 -2.68206e-17
136.422 2.08784e-20 -0.00823592 -3.39622e-17
135.747 -1.36683e-20 -0.00825748 -1.58334e-17
135.066 -4.68093e-21 -0.00827904 3.90125e-17
134.38 -3.60167e-20 -0.0083006 -8.18975e-17
133.688 -2.48993e-21 -0.00832216 1.17446e-16
132.991 9.95578e-21 -0.00834372 -3.14941e-18
132.287 5.1893e-20 -0.00836528 3.1373e-17
131.578 1.37284e-20 -0.00838684 1.04841e-17
130.863 5.30555e-21 -0.0084084 2.08708e-17
130.142 -5.09249e-20 -0.00842996 -8.89205e-17
129.416 -1.99564e-20 -0.00845152 8.39668e-17
128.684 -1.97367e-20 -0.00847308 -6.09256e-17
127.946 2.42636e-20 -0.00849464 -8.31547e-18
127.202 1.94379e-20 -0.0085162 -4.83878e-17
126.452 5.7811e-20 -0.00853776 9.95936e-18
125.697 8.07052e-20 -0.00855932 -5.14446e-17
124.935 9.17549e-21 -0.00858088 -5.49671e-17
124.168 -1.11686e-20 -0.00860244 -1.19312e-18
123.396 -3.53506e-20 -0.008624 -8.64915e-18
122.617 -5.8453e-21 -0.00864556 1.1608e-17
121.832 3.09049e-20 -0.00866712 4.09044e-17
121.042 -9.57962e-21 -0.00868868 -4.18359e-17
120.246 2.95537e-20 -0.00871024 2.02643e-17
119.444 -4.95469e-20 -0.0087318 3.78135e-18
118.637 -1.22495e-20 -0.00875336 1.35997e-16
117.823 -1.24917e-20 -0.00877492 -3.22429e-17
117.004 -2.60279e-20 -0.00879648 2.84988e-17
116.178 -4.25953e-21 -0.00881804 -3.92952e-17
115.347 1.6256e-20 -0.0088396 2.89693e-17
114.51 9.89991e-21 -0.00886116 -3.10028e-17
113.667 -4.59745e-20 -0.00888272 7.64492e-18
112.819 -5.17609e-21 -0.00890428 -3.11107e-18
111.964 -1.16019e-20 -0.00892584 -1.21942e-17
111.104 -1.60581e-20 -0.0089474 2.79692e-17
110.238 -4.95849e-20 -0.00896896 -9.80886e-18
109.366 5.82998e-20 -0.00899052 3.82985e-17
108.488 -2.08065e-20 -0.00901208 -6.32419e-17
107.604 -1.37042e-20 -0.00903364 1.0807e-16
106.714 -5.14541e-20 -0.0090552 -2.05895e-17
105.818 -2.33384e-20 -0.00907676 -7.4277e-18
104.917 -2.109e-20 -0.00909832 -3.31716e-17
104.009 -2.58081e-20 -0.00911988 -2.21363e-17
103.096 -9.78459e-21 -0.00914144 2.93463e-17
102.177 -1.37788e-20 -0.009163 4.19031e-18
101.252 7.79955e-21 -0.00918456 -5.93473e-17
100.321 1.10414e-20 -0.00920612 1.82939e-17
99.3835 -4.18292e-20 -0.00922768 -2.07216e-17
98.4406 -4.48409e-20 -0.00924924 -6.43985e-17
97.4917 -2.37346e-21 -0.0092708 1.84587e-17
96.5369 9.91128e-21 -0.00929236 1.67531e-17
95.5762 -1.62559e-20 -0.00931392 -1.08044e-17
94.6095 -6.25867e-20 -0.00933548 2.87417e-17
93.6369 -1.76782e-21 -0.00935704 3.27363e-17
92.6583 1.06208e-20 -0.0093786 5.05396e-17
91.6738 -3.39029e-21 -0.00940016 -2.90285e-17
90.6833 -1.88162e-20 -0.00942172 -9.42713e-18
89.6868 -4.8378e-20 -0.00944328 -9.19028e-18
88.6844 1.58075e-20 -0.00946484 -1.95706e-19
87.676 -2.05541e-21 -0.0094864 1.29739e-17
86.6616 -9.05542e-21 -0.00950796 -1.77407e-17
85.6412 2.78728e-20 -0.00952952 5.54433e-17
84.6149 3.58022e-21 -0.00955108 -6.49741e-17
83.5825 3.51767e-20 -0.00957264 -1.22798e-17
82.5442 -8.66415e-21 -0.0095942 3.02999e-17
81.4998 -1.67218e-20 -0.00961576 -6.64343e-17
80.4494 3.18115e-20 -0.00963732 5.05612e-17
79.3931 -2.11601e-20 -0.00965888 2.49873e-17
78.3307 -3.85046e-21 -0.00968044 -2.72629e-17
77.2622 -3.30858e-20 -0.009702 -9.85141e-18
76.1878 -2.82894e-20 -0.00972356 5.34262e-17
75.1073 -1.02152e-20 -0.00974512 -2.00769e-17
74.0208 -4.53296e-21 -0.00976668 6.2653e-17
72.9282 -5.72973e-20 -0.00978824 -1.29264e-17
71.8296 5.02521e-20 -0.0098098 1.39128e-17
70.725 -4.72646e-20 -0.00983136 -5.5423e-17
69.6143 6.10869e-21 -0.00985292 2.29136e-17
68.4975 3.24212e-21 -0.00987448 1.30812e-17
67.3746 -2.21919e-20 -0.00989604 -4.46583e-17
66.2457 -7.28254e-20 -0.0099176 -4.69847e-18
65.1107 -3.65492e-20 -0.00993916 1.0387e-17
63.9697 4.4543e-21 -0.00996072 1.33943e-17
62.8225 2.87334e-20 -0.00998228 8.96468e-17
61.6693 1.82391e-20 -0.0100038 4.02667e-18
60.5099 5.02338e-21 -0.0100254 -6.9874e-17
59.3444 -1.51737e-20 -0.010047 -4.66339e-18
58.1729 -5.44363e-20 -0.0100685 -1.73995e-17
56.9952 2.76573e-21 -0.0100901 6.50223e-17
55.8114 -3.07208e-20 -0.0101116 -1.35859e-17
54.6215 3.9118e-20 -0.0101332 -5.10568e-17
53.4255 9.7605e-21 -0.0101548 7.71838e-17
52.2233 4.83214e-21 -0.0101763 1.76951e-17
51.015 5.94102e-21 -0.0101979 -3.15627e-17
49.8005 -2.22352e-20 -0.0102194 4.18937e-17
48.5799 -1.74036e-20 -0.010241 -3.31713e-17
47.3532 2.5015e-22 -0.0102626 -2.54e-18
46.1202 1.26749e-20 -0.0102841 7.92721e-19
44.8812 1.21231e-20 -0.0103057 -2.67956e-17
43.6359 -1.97227e-20 -0.0103272 -5.30608e-17
42.3845 -1.18442e-19 -0.0103488 -7.89521e-18
41.1268 -1.86957e-21 -0.0103704 3.61815e-17
39.863 -6.51413e-20 -0.0103919 -1.36239e-17
38.593 -2.27606e-21 -0.0104135 5.27164e-19
37.3169 1.53281e-20 -0.010435 -3.1834e-17
36.0345 -4.18681e-20 -0.0104566 5.14973e-18
34.7458 1.96932e-20 -0.0104782 4.06271e-17
33.451 -2.46433e-20 -0.0104997 -1.28245e-17
32.15 -3.89354e-20 -0.0105213 -2.68849e-17
30.8427 4.71129e-20 -0.0105428 -3.61407e-17
29.5292 7.30822e-22 -0.0105644 2.68438e-17
28.2095 3.66269e-20 -0.010586 1.37321e-17
26.8835 -1.84141e-21 -0.0106075 -1.53844e-17
25.5513 6.1809e-21 -0.0106291 1.21429e-16
24.2128 -2.18017e-20 -0.0106506 -7.83746e-17
22.868 -6.39102e-20 -0.0106722 -7.70061e-18
21.517 -7.40085e-20 -0.0106938 5.53231e-17
20.1597 -1.46079e-20 -0.0107153 8.69221e-17
18.7962 -4.94036e-20 -0.0107369 -4.57434e-17
17.4263 8.81366e-20 -0.0107584 -1.71146e-17
16.0502 -4.85474e-20 -0.01078 6.35463e-18
14.6678 -2.83867e-20 -0.0108016 -1.03058e-17
13.279 3.41033e-20 -0.0108231 5.91964e-17
11.884 1.68264e-20 -0.0108447 -7.73215e-17
10.4826 4.51825e-20 -0.0108662 1.17654e-16
9.07496 -3.74307e-20 -0.0108878 9.3852e-17
7.66096 -2.50649e-20 -0.0109094 7.32846e-17
6.24062 2.97754e-21 -0.0109309 -8.54889e-17
4.81395 3.40989e-20 -0.0109525 6.22367e-16
3.38094 -6.23941e-20 -0.010974 2.17504e-16
1.94157 -1.33051e-19 -0.0109956 7.70137e-16
0.495854 1.19747e-19 -0.0110172 -2.23776e-15
-0.95623 1.12923e-19 -0.0110387 5.26762e-16
-2.41468 -3.86867e-20 -0.0110603 3.55778e-16
-3.87951 -1.0877e-19 -0.0110818 1.44299e-17
-5.35072 2.39994e-20 -0.0111034 -1.12032e-16
-6.82832 -1.17987e-20 -0.011125 -2.54868e-16
-8.31231 -5.22975e-20 -0.0111465 1.88765e-16
-9.8027 -1.09503e-19 -0.0111681 5.03239e-17
-11.2995 -1.16913e-20 -0.0111896 2.87635e-17
-12.8027 -1.55323e-20 -0.0112112 -7.58363e-17
-14.3123 -1.82108e-20 -0.0112328 -8.50306e-17
-15.8284 2.71262e-20 -0.0112543 8.33051e-17
-17.3509 -7.69071e-21 -0.0112759 7.55954e-17
-18.8798 4.21232e-20 -0.0112974 -2.18173e-17
-20.4152 -9.26451e-20 -0.011319 -6.59594e-17
-21.957 2.42512e-22 -0.0113406 -4.8171e-17
-23.5053 -6.65406e-20 -0.0113621 3.2396e-17
-25.0601 4.89017e-21 -0.0113837 6.50692e-17
-26.6213 -1.81299e-20 -0.0114052 -4.73085e-18
-28.189 1.8767e-20 -0.0114268 -4.36922e-17
-29.7632 3.79327e-20 -0.0114484 -9.72685e-17
-31.3439 -7.23489e-20 -0.0114699 -6.04756e-17
-32.931 -5.06831e-20 -0.0114915 -3.53661e-17
-34.5247 -1.95628e-20 -0.011513 -3.1164e-17
-36.1249 -3.08632e-20 -0.0115346 9.17733e-17
-37.7317 5.14821e-20 -0.0115562 3.90079e-17
-39.3449 1.98384e-20 -0.0115777 -3.46421e-17
-40.9647 -3.35655e-20 -0.0115993 5.26293e-18
-42.591 -8.64759e-22 -0.0116208 9.88267e-17
-44.2239 -5.58009e-20 -0.0116424 -3.73924e-17
-45.8633 -3.54817e-20 -0.011664 -2.24901e-18
-47.5093 3.50308e-20 -0.0116855 -1.66402e-17
-49.1619 -3.99216e-20 -0.0117071 -7.05303e-17
-50.821 2.69289e-20 -0.0117286 1.11706e-17
-52.4867 -5.78354e-20 -0.0117502 -1.08853e-17
-54.159 -3.57702e-20 -0.0117718 6.25959e-17
-55.838 3.50066e-20 -0.0117933 7.08028e-17
-57.5235 -8.71357e-20 -0.0118149 -7.60697e-17
-59.2156 6.1576e-20 -0.0118364 6.15996e-17
-60.9143 -3.29636e-21 -0.011858 -3.61624e-17
-62.6197 -1.66167e-20 -0.0118796 -5.84004e-17
-64.3317 -5.22576e-20 -0.0119011 -9.04576e-18
-66.0504 1.564e-20 -0.0119227 6.96779e-17
-67.7757 -5.6064e-20 -0.0119442 -7.97824e-18
-69.5076 -2.91617e-20 -0.0119658 2.06068e-17
-71.2463 6.38333e-20 -0.0119874 2.30402e-17
-72.9915 3.09202e-20 -0.0120089 -8.15226e-18
-74.7435 -8.93464e-20 -0.0120305 -3.91964e-17
-76.5022 5.60107e-20 -0.012052 6.92094e-17
-78.2675 2.47684e-21 -0.0120736 -8.07475e-17
-80.0396 1.83573e-20 -0.0120952 7.65595e-18
-81.8184 -1.04531e-20 -0.0121167 3.19863e-18
-83.6039 -6.10022e-21 -0.0121383 -4.70581e-17
-85.3961 -3.12223e-20 -0.0121598 -6.37267e-17
-87.195 9.83257e-21 -0.0121814 1.976e-17
-89.0007 1.59051e-20 -0.012203 1.33033e-17
-90.8132 -2.38529e-20 -0.0122245 2.99166e-17
-92.6324 -5.52928e-20 -0.0122461 2.90987e-17
-94.4583 -2.68978e-21 -0.0122676 4.18385e-17
-96.2911 -2.19135e-20 -0.0122892 -9.05952e-17
-98.1306 -1.19679e-20 -0.0123108 4.07532e-18
-99.9769 -3.21199e-20 -0.0123323 1.27489e-17
-101.83 1.06586e-20 -0.0123539 -2.38474e-17
-103.69 -4.25554e-20 -0.0123754 -3.16527e-17
-105.557 3.63622e-21 -0.012397 -1.29179e-17
-107.43 -4.93939e-20 -0.0124186 -6.00958e-17
-109.311 1.5913e-20 -0.0124401 3.3603e-17
-111.198 -6.63064e-20 -0.0124617 -2.47164e-17
-113.092 2.85119e-20 -0.0124832 -4.43725e-17
-114.993 -8.19225e-20 -0.0125048 2.15941e-17
-116.901 -5.74764e-20 -0.0125264 -6.63268e-19
-118.815 2.56154e-20 -0.0125479 2.16689e-18
-120.737 5.12404e-20 -0.0125695 -3.50886e-18
-122.665 2.76364e-20 -0.012591 2.52378e-17
-124.601 -2.59676e-20 -0.0126126 -6.61956e-19
-126.543 -1.58712e-20 -0.0126342 -5.4349e-17
-128.492 -7.46509e-22 -0.0126557 -2.18152e-17
-130.448 -4.5692e-20 -0.0126773 -1.92344e-17
-132.411 4.18043e-20 -0.0126988 -6.2723e-17
-134.381 3.39623e-21 -0.0127204 -3.66626e-18
-136.358 1.60624e-20 -0.012742 -3.42942e-17
-138.342 -7.16802e-20 -0.0127635 -1.14836e-17
-140.333 -3.7029e-20 -0.0127851 5.28711e-17
-142.331 -4.18813e-21 -0.0128066 1.23201e-17
-144.335 9.5815e-21 -0.0128282 -9.83826e-18
-146.347 -5.23902e-21 -0.0128498 -1.8919e-17
-148.366 -2.64755e-20 -0.0128713 -2.28382e-18
-150.392 -3.05434e-20 -0.0128929 -2.74045e-17
-152.425 5.23981e-20 -0.0129144 -2.89927e-18
-154.465 -1.73143e-21 -0.012936 6.61507e-18
-156.512 -1.26607e-20 -0.0129576 4.64699e-17
-158.566 -3.7794e-20 -0.0129791 -2.41068e-17
-160.627 2.19429e-20 -0.0130007 5.68244e-17
-162.695 1.59901e-20 -0.0130222 -5.16846e-17
-164.77 -4.06608e-20 -0.0130438 -4.87552e-17
-166.852 -4.95129e-20 -0.0130654 -2.75585e-17
-168.942 -1.89578e-20 -0.0130869 2.12373e-17
-171.038 -6.72226e-20 -0.0131085 2.77869e-17
-173.142 4.81652e-22 -0.01313 4.23154e-17
-175.253 -9.18348e-20 -0.0131516 -2.89326e-18
-177.37 3.01862e-20 -0.0131732 5.33667e-17
-179.495 -8.38152e-20 -0.0131947 2.28028e-17
-181.628 1.69699e-20 -0.0132163 -2.41791e-17
-183.767 -2.41929e-20 -0.0132378 -2.06313e-17
-185.914 -7.94612e-20 -0.0132594 -7.13062e-18
-188.067 -3.29859e-20 -0.013281 4.53887e-17
-190.228 5.67126e-20 -0.0133025 -1.10278e-17
-192.396 1.46345e-21 -0.0133241 -7.63645e-18
-194.572 -5.56266e-20 -0.0133456 -5.94347e-17
-196.754 -1.58209e-20 -0.0133672 5.12103e-17
-198.944 -5.57142e-20 -0.0133888 -8.83277e-17
-201.141 -5.15126e-20 -0.0134103 -1.24994e-17
-203.345 2.58243e-20 -0.0134319 2.27444e-17
-205.557 6.0213e-20 -0.0134534 8.13301e-17
-207.776 -2.97788e-20 -0.013475 -2.48915e-17
-210.002 1.04845e-20 -0.0134966 -1.66821e-17
-212.236 -9.83366e-21 -0.0135181 -6.83153e-18
-214.476 -1.77787e-20 -0.0135397 3.26113e-17
-216.724 -4.97744e-20 -0.0135612 -4.70963e-17
-218.98 3.40007e-20 -0.0135828 -2.9866e-17
-221.243 -4.10102e-21 -0.0136044 -2.17611e-17
-223.513 -3.29745e-20 -0.0136259 -6.44576e-17
-225.79 1.15033e-20 -0.0136475 2.71863e-17
-228.075 -8.14321e-20 -0.013669 -7.48619e-17
-230.367 -7.7918e-20 -0.0136906 -4.91942e-17
-232.667 -9.92104e-20 -0.0137122 6.75933e-17
-234.974 1.46085e-21 -0.0137337 -2.52131e-17
-237.289 -3.54397e-20 -0.0137553 -2.43218e-17
-239.611 -9.43097e-21 -0.0137768 4.2406e-17
-241.94 3.02385e-20 -0.0137984 2.79356e-17
-244.277 -9.27492e-20 -0.01382 6.3947e-18
-246.621 -3.86474e-20 -0.0138415 -4.88934e-17
-248.973 2.98724e-20 -0.0138631 3.4321e-17
-251.332 -2.37166e-20 -0.0138846 -1.23174e-17
-253.699 -2.15882e-20 -0.0139062 8.11473e-18
-256.073 -6.28349e-20 -0.0139278 -3.98953e-17
-258.455 -5.96074e-20 -0.0139493 -5.41693e-18
-260.844 -8.93909e-21 -0.0139709 -2.4307e-17
-263.241 -2.75975e-20 -0.0139924 5.44649e-17
-265.645 -3.60408e-20 -0.014014 -1.55147e-17
-268.057 5.51398e-21 -0.0140356 -1.40914e-17
-270.477 -1.32602e-20 -0.0140571 -2.91825e-17
-272.904 -7.19074e-20 -0.0140787 -7.76424e-18
-275.339 3.58829e-20 -0.0141002 1.31721e-17
-277.781 -3.45076e-20 -0.0141218 7.30084e-18
-280.231 -5.995e-21 -0.0141434 8.56049e-18
-282.689 -2.31606e-20 -0.0141649 6.92262e-18
-285.154 -2.40012e-20 -0.0141865 -2.47254e-17
-287.627 -4.67125e-21 -0.014208 2.81767e-17
-290.108 2.2671e-20 -0.0142296 -1.50086e-17
-292.597 -1.88669e-20 -0.0142512 1.37192e-19
-295.093 5.53521e-21 -0.0142727 1.61861e-17
-297.596 4.03894e-20 -0.0142943 1.15564e-17
-300.108 1.38514e-20 -0.0143158 -1.78399e-17
-302.627 -3.80782e-20 -0.0143374 -2.44766e-17
-305.154 -4.55599e-20 -0.014359 -2.11584e-17
-307.689 -4.77896e-20 -0.0143805 -2.33491e-17
-310.232 3.96978e-20 -0.0144021 8.15957e-17
-312.782 -8.05788e-20 -0.0144236 -1.13808e-16
-315.34 -3.53542e-20 -0.0144452 -7.5561e-18
-317.906 -5.28086e-20 -0.0144668 -7.59175e-17
-320.48 -7.44471e-21 -0.0144883 7.77867e-17
-323.062 -1.37151e-19 -0.0145099 -8.73548e-17
-325.651 5.5801e-21 -0.0145314 1.04357e-16
-328.249 3.43696e-20 -0.014553 -2.09723e-17
-330.854 -5.02444e-21 -0.0145746 2.65885e-18
-333.467 -1.05172e-20 -0.0145961 -1.91132e-17
-336.089 -3.61347e-20 -0.0146177 -3.25746e-17
-338.718 1.37943e-20 -0.0146392 4.44761e-18
-341.355 8.64855e-21 -0.0146608 -6.48266e-17
-344 2.36794e-20 -0.0146824 -1.9972e-17
-346.653 1.29338e-20 -0.0147039 3.21138e-17
-349.314 -5.53539e-20 -0.0147255 -2.83772e-17
-351.983 -2.27157e-20 -0.014747 -9.01591e-17
-354.66 -9.95319e-20 -0.0147686 9.49799e-18
-357.345 -5.71048e-20 -0.0147902 -4.04645e-17
-360.038 -2.04185e-20 -0.0148117 2.55784e-17
-362.739 -9.28695e-20 -0.0148333 -5.50789e-17
-365.448 1.31203e-20 -0.0148548 7.89824e-17
-368.165 2.84826e-20 -0.0148764 1.40238e-17
-370.891 -5.70308e-20 -0.014898 -1.88736e-17
-373.624 -3.60718e-20 -0.0149195 7.75278e-17
-376.366 -7.11321e-20 -0.0149411 -9.29638e-17
-379.115 -2.43422e-20 -0.0149626 -5.06208e-18
-381.873 -5.03555e-20 -0.0149842 1.28023e-17
-384.639 -3.35674e-20 -0.0150058 1.98122e-17
-387.414 -7.17556e-22 -0.0150273 -1.42497e-17
-390.196 -4.22279e-21 -0.0150489 -6.33174e-17
-392.987 -7.89977e-21 -0.0150704 3.43492e-18
-395.786 -1.24273e-20 -0.015092 -2.87143e-17
-398.593 -7.56047e-20 -0.0151136 -1.85414e-17
-401.409 -3.14578e-20 -0.0151351 -2.69114e-17
-404.232 1.37139e-20 -0.0151567 -9.49625e-18
-407.064 -2.06582e-20 -0.0151782 -2.45618e-17
-409.905 3.30689e-20 -0.0151998 6.19313e-17
-412.754 -2.52074e-20 -0.0152214 -6.45301e-17
-415.611 -1.03085e-19 -0.0152429 -3.28571e-18
-418.476 -2.19123e-20 -0.0152645 -1.65463e-17
-421.35 -1.13538e-19 -0.015286 -4.04111e-17
-424.232 1.67882e-20 -0.0153076 1.90342e-17
-427.123 -4.28213e-20 -0.0153292 -7.20861e-17
-430.022 -4.19612e-20 -0.0153507 -1.55762e-18
-432.929 2.66944e-20 -0.0153723 2.20584e-17
-435.845 -3.11075e-20 -0.0153938 -5.27189e-17
-438.77 5.00444e-20 -0.0154154 5.79825e-17
-441.703 -1.8024e-20 -0.015437 -1.37048e-17
-444.644 -8.9353e-20 -0.0154585 -1.08315e-16
-447.594 -1.3335e-20 -0.0154801 2.21919e-17
-450.553 -5.01961e-20 -0.0155016 -4.11912e-17
-453.52 -4.55002e-20 -0.0155232 -5.52833e-17
-456.496 -1.26619e-20 -0.0155448 7.18862e-18
-459.48 1.31937e-22 -0.0155663 -1.67207e-17
-462.473 6.15151e-20 -0.0155879 9.63297e-17
-465.474 1.99406e-20 -0.0156094 -8.73494e-17
-468.485 2.62495e-20 -0.015631 -2.19371e-17
-471.503 -5.82943e-20 -0.0156526 -5.88225e-17
-474.531 -6.34818e-20 -0.0156741 5.68135e-18
-477.567 -4.69884e-20 -0.0156957 -3.55192e-17
-480.612 -6.66648e-20 -0.0157172 -1.45914e-17
-483.666 -5.35844e-20 -0.0157388 -3.8606e-17
-486.729 -7.26032e-21 -0.0157604 4.34737e-18
-489.8 -1.11132e-19 -0.0157819 -8.78626e-17
-492.88 -1.24652e-20 -0.0158035 9.1989e-17
-495.969 -5.008e-20 -0.015825 8.30041e-19
-499.067 -5.00794e-20 -0.0158466 -7.14444e-17
-502.173 -1.13337e-19 -0.0158682 -5.42895e-17
-505.289 -5.0951e-20 -0.0158897 6.39919e-18
-508.413 -8.4188e-20 -0.0159113 -3.37631e-17
-511.546 -1.14501e-19 -0.0159328 -1.19332e-16
-514.689 -4.97174e-20 -0.0159544 9.29344e-17
-517.84 -7.67765e-20 -0.015976 -1.0351e-16
-521 1.78299e-20 -0.0159975 9.13296e-17
-524.169 -3.00771e-20 -0.0160191 -6.8237e-17
-527.347 2.68183e-20 -0.0160406 1.72457e-17
-530.534 -2.94769e-20 -0.0160622 4.94152e-17
-533.731 -3.99248e-20 -0.0160838 -6.21664e-17
-536.936 5.49167e-20 -0.0161053 1.13066e-16
-540.15 -1.48349e-20 -0.0161269 -9.10869e-17
-543.374 -9.27799e-20 -0.0161484 1.74693e-18
-546.607 -1.04194e-20 -0.01617 3.0332e-18
-549.848 -5.15181e-20 -0.0161916 6.11354e-18
-553.099 -4.55253e-20 -0.0162131 -3.63835e-17
-556.359 -1.05773e-19 -0.0162347 2.64346e-17
-559.629 3.13689e-20 -0.0162562 7.28322e-17
-562.907 3.99152e-21 -0.0162778 -4.32648e-17
-566.195 2.19401e-20 -0.0162994 -1.3222e-17
-569.493 1.58741e-20 -0.0163209 -3.64243e-17
-572.799 -1.51512e-20 -0.0163425 -7.50589e-17
-576.115 -1.46656e-19 -0.016364 4.58588e-18
-579.44 6.20143e-21 -0.0163856 3.31126e-18
-582.774 -1.41479e-20 -0.0164072 -1.23901e-16
-586.118 -7.40883e-20 -0.0164287 3.562e-17
-589.472 -4.4899e-20 -0.0164503 3.10916e-17
-592.834 -2.84999e-20 -0.0164718 2.56568e-17
-596.207 -2.51963e-20 -0.0164934 -4.92465e-18
-599.588 -7.9871e-20 -0.016515 1.96606e-17
-602.979 3.53018e-20 -0.0165365 1.21136e-17
-606.38 5.59682e-20 -0.0165581 -2.62788e-17
-609.79 -1.68145e-19 -0.0165796 -1.51527e-16
-613.21 8.7156e-21 -0.0166012 1.38425e-16
-616.64 6.49962e-21 -0.0166228 -4.25809e-17
-620.079 -3.61455e-20 -0.0166443 2.9741e-18
-623.527 -4.78479e-21 -0.0166659 -1.54725e-17
-626.986 -1.26761e-19 -0.0166874 1.99217e-17
-630.454 -2.25248e-20 -0.016709 -5.64618e-17
-633.931 7.94345e-20 -0.0167306 5.06829e-17
-637.419 -8.12934e-21 -0.0167521 4.4787e-17
-640.916 -6.24812e-20 -0.0167737 -1.00094e-16
-644.423 -5.80187e-20 -0.0167952 4.94217e-17
-647.94 -1.12632e-20 -0.0168168 -5.22453e-17
-651.467 -3.59195e-20 -0.0168384 4.82437e-17
-655.003 -1.38821e-19 -0.0168599 -4.75614e-17
-658.55 -2.4582e-21 -0.0168815 7.40532e-17
-662.106 -1.49799e-19 -0.016903 -1.43597e-16
-665.672 -1.13343e-19 -0.0169246 9.86349e-17
-669.249 1.72248e-20 -0.0169462 7.87449e-17
-672.835 -5.85369e-20 -0.0169677 -7.82007e-18
-676.431 -4.81982e-20 -0.0169893 -1.04731e-17
-680.037 1.4746e-20 -0.0170108 -1.14355e-16
-683.654 -3.07086e-20 -0.0170324 3.85044e-17
-687.28 5.92368e-21 -0.017054 -6.89624e-17
-690.917 1.85578e-20 -0.0170755 -2.90068e-17
-694.563 -4.82506e-20 -0.0170971 -2.02198e-17
-698.22 -4.80349e-20 -0.0171186 -2.033e-17
-701.887 -1.16714e-19 -0.0171402 -1.16243e-16
-705.564 -1.27631e-19 -0.0171618 -2.39607e-17
-709.252 -8.45356e-21 -0.0171833 8.72188e-17
-712.95 -5.57758e-20 -0.0172049 -8.05196e-18
-716.658 -9.19121e-20 -0.0172264 -9.74404e-17
-720.376 -1.03692e-19 -0.017248 -2.88978e-17
-724.105 -1.58899e-19 -0.0172696 8.50608e-17
-727.845 -3.80025e-20 -0.0172911 7.61344e-18
-731.594 -5.55576e-20 -0.0173127 -1.95627e-17
-735.354 -5.16723e-20 -0.0173342 4.71693e-17
-739.125 -7.63452e-20 -0.0173558 1.44243e-17
-742.906 -1.95225e-20 -0.0173774 -4.73911e-18
-746.698 -8.19352e-20 -0.0173989 -7.53737e-17
-750.5 4.33676e-20 -0.0174205 -7.85677e-18
-754.313 -4.82803e-20 -0.017442 -4.75689e-17
-758.136 -1.75865e-19 -0.0174636 -1.54692e-16
-761.97 -5.06439e-20 -0.0174852 8.6641e-17
-765.815 -8.34709e-20 -0.0175067 1.16326e-16
-769.67 -1.05208e-19 -0.0175283 -6.44861e-17
-773.537 -1.39711e-19 -0.0175498 4.87937e-17
-777.414 -6.65749e-20 -0.0175714 5.69355e-17
-781.302 -4.13378e-20 -0.017593 6.39667e-17
-785.2 -7.33718e-20 -0.0176145 -4.55901e-17
-789.11 -1.58525e-20 -0.0176361 2.31749e-17
-793.03 -6.7148e-21 -0.0176576 -5.74522e-17
-796.962 -4.39672e-20 -0.0176792 8.21996e-17
-800.904 5.44967e-21 -0.0177008 -3.30375e-17
-804.857 -9.44201e-20 -0.0177223 6.16109e-17
-808.822 6.85341e-21 -0.0177439 -9.66468e-17
-812.797 -1.49743e-19 -0.0177654 -1.19261e-16
-816.784 -6.5475e-20 -0.017787 -4.8868e-17
-820.781 -5.90189e-20 -0.0178086 -9.38199e-17
-824.79 2.04485e-20 -0.0178301 -2.46928e-17
-828.81 3.60317e-20 -0.0178517 -2.92367e-17
-832.842 6.48543e-21 -0.0178732 8.45728e-17
-836.884 -1.01278e-19 -0.0178948 -9.22897e-17
-840.938 -7.64679e-20 -0.0179164 -6.35274e-17
-845.003 2.63398e-20 -0.0179379 -4.32516e-17
-849.08 -2.60334e-20 -0.0179595 1.26452e-16
-853.168 -5.32078e-20 -0.017981 1.27078e-17
-857.267 -3.2305e-20 -0.0180026 -3.97427e-17
-861.378 -8.47461e-21 -0.0180242 1.02797e-16
-865.5 -7.64796e-20 -0.0180457 4.25006e-17
-869.634 -9.34264e-20 -0.0180673 -6.37341e-17
-873.78 2.20766e-21 -0.0180888 1.56502e-16
-877.937 -5.21688e-20 -0.0181104 -5.06125e-17
-882.106 -1.14254e-19 -0.018132 -7.99893e-17
-886.286 -3.09038e-20 -0.0181535 1.37896e-16
-890.479 -1.3276e-19 -0.0181751 -1.88542e-16
-894.683 -1.99779e-19 -0.0181966 2.66669e-18
-898.898 -3.80319e-20 -0.0182182 2.99537e-17
-903.126 -1.11357e-19 -0.0182398 -1.26707e-16
-907.366 9.10845e-20 -0.0182613 1.07995e-16
-911.617 -5.38471e-20 -0.0182829 -1.07119e-16
-915.88 -1.70362e-19 -0.0183044 -3.0244e-17
-920.156 -6.48508e-20 -0.018326 8.2733e-17
-924.443 -5.57252e-20 -0.0183476 -2.66349e-17
-928.743 7.68047e-21 -0.0183691 2.94739e-16
-933.054 -4.78705e-20 -0.0183907 -1.87791e-16
-937.378 1.89329e-20 -0.0184122 1.55491e-16
-941.714 -3.80881e-20 -0.0184338 -1.13333e-16
-946.063 -1.30772e-20 -0.0184554 1.17129e-16
-950.423 -1.10511e-19 -0.0184769 -6.58893e-17
-954.796 -8.47407e-20 -0.0184985 1.39265e-17
-959.181 -5.83779e-20 -0.01852 2.30412e-18
-963.579 -1.56589e-20 -0.0185416 -5.92044e-17
-967.989 -6.8749e-20 -0.0185632 1.29952e-16
-972.411 4.10931e-21 -0.0185847 1.5906e-16
-976.846 -6.32321e-20 -0.0186063 -1.78575e-16
-981.294 -8.49028e-20 -0.0186278 -7.33525e-17
-985.754 -6.47267e-20 -0.0186494 -6.6009e-17
-990.227 -9.48392e-20 -0.018671 6.4729e-17
-994.713 1.17709e-21 -0.0186925 1.46206e-16
-999.211 -8.89508e-20 -0.0187141 -1.47869e-16
-1003.72 -2.68388e-20 -0.0187356 2.18287e-17
-1008.25 -1.04613e-19 -0.0187572 -1.15676e-16
-1012.78 9.97432e-22 -0.0187788 4.75025e-18
-1017.33 -5.65936e-20 -0.0188003 -1.93629e-16
-1021.9 -5.62812e-20 -0.0188219 -6.64243e-17
-1026.47 -2.96939e-20 -0.0188434 -1.66869e-16
-1031.06 -4.99381e-20 -0.018865 1.13175e-16
-1035.66 -1.12887e-19 -0.0188866 1.32426e-16
-1040.28 -1.80941e-19 -0.0189081 -2.08614e-16
-1044.91 5.60669e-20 -0.0189297 2.67057e-16
-1049.55 -1.01872e-19 -0.0189512 -1.301e-16
-1054.2 -2.36103e-20 -0.0189728 1.8329e-16
-1058.87 -9.58358e-20 -0.0189944 1.8229e-17
-1063.55 -3.24019e-20 -0.0190159 1.16882e-16
-1068.25 9.99665e-21 -0.0190375 -2.42821e-16
-1072.96 -7.51981e-20 -0.019059 1.92085e-16
-1077.68 -8.64885e-20 -0.0190806 2.02678e-17
-1082.42 -9.48201e-20 -0.0191022 -1.45062e-16
-1087.17 -7.86278e-21 -0.0191237 1.28051e-16
-1091.93 -7.7703e-20 -0.0191453 -2.04975e-16
-1096.71 -6.26236e-20 -0.0191668 -4.00011e-17
-1101.5 3.27744e-20 -0.0191884 3.16384e-16
-1106.3 -4.02114e-20 -0.01921 -1.3267e-17
-1111.12 -1.66151e-19 -0.0192315 -1.41104e-16
-1115.95 3.58379e-20 -0.0192531 9.60484e-17
-1120.8 -4.67104e-20 -0.0192746 -1.99927e-16
-1125.66 -2.91589e-20 -0.0192962 1.83623e-16
-1130.53 -6.51171e-20 -0.0193178 -1.01843e-16
-1135.42 4.64615e-20 -0.0193393 -1.87862e-16
-1140.33 2.79168e-20 -0.0193609 2.25031e-16
-1145.24 -3.88219e-21 -0.0193824 -9.76567e-17
-1150.18 -1.34343e-19 -0.019404 -3.43312e-16
-1155.12 -2.59203e-20 -0.0194256 2.71029e-16
-1160.08 -3.5104e-19 -0.0194471 -4.34223e-16
-1165.06 -1.61653e-19 -0.0194687 4.41724e-17
-1170.05 -1.96998e-19 -0.0194902 3.51389e-17
-1175.05 -3.92617e-20 -0.0195118 -1.05168e-16
-1180.07 -3.84341e-20 -0.0195334 6.22391e-17
-1185.11 -5.49062e-20 -0.0195549 4.47401e-17
-1190.16 -9.13602e-20 -0.0195765 -9.02233e-17
-1195.22 4.05671e-20 -0.019598 3.33789e-16
-1200.3 -5.11202e-20 -0.0196196 3.814e-17
-1205.39 -1.03807e-19 -0.0196412 4.37416e-17
-1210.5 -3.96378e-20 -0.0196627 -3.10782e-17
-1215.63 8.25495e-21 -0.0196843 2.13095e-16
-1220.77 -2.36191e-20 -0.0197058 8.42232e-17
-1225.92 -1.22353e-19 -0.0197274 -4.60165e-16
-1231.09 -1.79715e-19 -0.019749 2.07047e-16
-1236.27 -7.25606e-20 -0.0197705 3.42648e-16
-1241.48 -1.47817e-19 -0.0197921 1.11662e-17
-1246.69 -1.39022e-19 -0.0198136 3.82262e-17
-1251.92 -9.55455e-20 -0.0198352 -9.54911e-18
-1257.17 -1.13056e-19 -0.0198568 1.25956e-16
-1262.43 -1.72288e-19 -0.0198783 3.0264e-17
-1267.71 -4.66822e-21 -0.0198999 -8.09523e-17
-1273.01 7.48995e-20 -0.0199214 -1.62185e-16
-1278.32 -1.08215e-19 -0.019943 -1.17194e-16
-1283.64 -1.11024e-19 -0.0199646 -4.54863e-16
-1288.99 -5.27712e-20 -0.0199861 2.31311e-16
-1294.35 -1.32165e-19 -0.0200077 8.06279e-17
-1299.72 -1.9135e-19 -0.0200292 -3.37744e-16
-1305.11 -4.04968e-20 -0.0200508 1.25192e-16
-1310.52 -1.01778e-19 -0.0200724 2.93969e-16
-1315.94 -1.07481e-19 -0.0200939 -3.17779e-16
-1321.38 -8.06685e-20 -0.0201155 1.52498e-16
-1326.84 -1.28602e-19 -0.020137 -2.4869e-16
-1332.32 -8.87305e-20 -0.0201586 1.33636e-16
-1337.81 -1.42474e-19 -0.0201802 -1.10485e-16
-1343.31 -1.6729e-19 -0.0202017 9.04134e-17
-1348.84 -3.8355e-20 -0.0202233 -1.25874e-16
-1354.38 -1.53088e-19 -0.0202448 9.61006e-17
-1359.94 -1.48758e-19 -0.0202664 1.75518e-16
-1365.51 1.05486e-20 -0.020288 3.07046e-16
-1371.1 -1.65714e-19 -0.0203095 -3.72249e-16
-1376.71 -8.15205e-20 -0.0203311 2.84727e-16
-1382.34 -1.03929e-19 -0.0203526 3.73544e-16
-1387.99 -5.8213e-20 -0.0203742 -3.31004e-16
-1393.65 -1.15695e-19 -0.0203958 3.79485e-17
-1399.33 -5.33642e-20 -0.0204173 5.73147e-16
-1405.02 -8.8367e-20 -0.0204389 -4.84488e-16
-1410.74 -1.59719e-19 -0.0204604 2.41568e-16
-1416.47 -6.68561e-20 -0.020482 -4.22075e-18
-1422.22 3.69345e-20 -0.0205036 2.52483e-16
-1427.99 6.11827e-20 -0.0205251 5.06922e-16
-1433.78 -8.39981e-20 -0.0205467 -3.0729e-16
-1439.58 -6.18353e-20 -0.0205682 -3.51994e-16
-1445.41 -4.8271e-20 -0.0205898 3.00929e-16
-1451.25 -1.44948e-19 -0.0206114 3.81811e-16
-1457.11 -1.6578e-19 -0.0206329 8.60117e-16
-1462.99 -1.50767e-20 -0.0206545 3.13321e-16
-1468.88 -1.30213e-19 -0.020676 -3.29682e-16
-1474.8 -1.20367e-19 -0.0206976 3.49146e-16
-1480.73 -7.01572e-20 -0.0207192 -4.68378e-16
-1486.69 -7.5458e-20 -0.0207407 -8.85288e-18
-1492.66 -1.0341e-19 -0.0207623 -9.27846e-16
-1498.65 -1.38126e-19 -0.0207838 1.0806e-17
-1504.66 -4.62246e-20 -0.0208054 8.51401e-16
-1510.69 -1.34779e-19 -0.020827 -7.67363e-16
-1516.74 -1.18257e-19 -0.0208485 -9.16467e-17
-1522.81 -1.13858e-19 -0.0208701 -4.69905e-16
-1528.9 -1.31786e-19 -0.0208916 -1.06221e-16
-1535.01 -1.1529e-19 -0.0209132 6.64304e-16
-1541.14 -1.67079e-19 -0.0209348 -3.15039e-16
-1547.28 -1.23495e-19 -0.0209563 -1.43068e-16
-1553.45 -1.60344e-19 -0.0209779 4.22006e-16
-1559.64 -1.0748e-19 -0.0209994 3.80427e-16
-1565.85 -8.10945e-20 -0.021021 -5.64403e-16
-1572.08 -1.29614e-19 -0.0210426 6.90375e-16
-1578.33 -1.89122e-19 -0.0210641 3.69212e-16
-1584.6 -1.23696e-19 -0.0210857 -4.30717e-16
-1590.89 -7.23037e-20 -0.0211072 1.82138e-15
-1597.2 -3.17988e-20 -0.0211288 4.42024e-16
-1603.53 -7.93987e-20 -0.0211504 -7.54752e-16
-1609.88 -7.56716e-20 -0.0211719 3.65803e-16
-1616.26 -1.33428e-19 -0.0211935 1.84235e-16
-1622.65 -7.46875e-20 -0.021215 7.00215e-16
-1629.07 -1.12977e-20 -0.0212366 1.92785e-15
-1635.51 -1.65075e-19 -0.0212582 -8.02238e-16
-1641.96 -6.09628e-20 -0.0212797 1.41567e-15
-1648.45 3.23032e-20 -0.0213013 -1.51064e-16
-1654.95 -7.0534e-20 -0.0213228 4.85957e-16
-1661.47 2.37542e-20 -0.0213444 -1.68369e-15
-1668.02 -1.41279e-19 -0.021366 7.25442e-16
-1674.59 -9.47917e-20 -0.0213875 1.07987e-15
-1681.18 -1.27969e-19 -0.0214091 4.55871e-16
-1687.79 -1.73355e-19 -0.0214306 4.02644e-16
-1694.43 7.88409e-20 -0.0214522 1.7683e-15
-1701.09 -1.33897e-19 -0.0214738 -1.84765e-15
-1707.77 -2.03247e-19 -0.0214953 -1.35313e-15
-1714.47 -1.62054e-19 -0.0215169 -7.95087e-16
-1721.2 -3.08345e-19 -0.0215384 -2.95888e-15
-1727.95 -5.72026e-20 -0.02156 4.11367e-15
