0.005 -37659.9
0.01 -75646.4
0.015 -113971
0.02 -152644
0.025 -191678
0.03 -231087
0.035 -270883
0.04 -311082
0.045 -351700
0.05 -392752
0.055 -434257
0.06 -476233
0.065 -518702
0.07 -561685
0.075 -605206
0.08 -649291
0.085 -693968
0.09 -739267
0.095 -785221
0.1 -831867
0.105 -879244
0.11 -927395
0.115 -976370
0.12 -1.02622e+06
0.125 -1.07701e+06
0.13 -1.12881e+06
0.135 -1.18168e+06
0.14 -1.23572e+06
0.145 -1.29103e+06
0.15 -1.34771e+06
0.155 -1.4059e+06
0.16 -1.46576e+06
0.165 -1.52747e+06
0.17 -1.59125e+06
0.175 -1.65736e+06
0.18 -1.72614e+06
0.185 -1.79801e+06
0.19 -1.87353e+06
0.195 -1.95342e+06
0.2 -2.0387e+06
0.205 -2.13089e+06
0.21 -2.23236e+06
0.215 -2.3473e+06
0.22 -2.48455e+06
0.225 -2.67194e+06
