0.005 -0.00016983
0.01 -0.00034187
0.015 -0.000516198
0.02 -0.000692897
0.025 -0.000872056
0.03 -0.00105377
0.035 -0.00123813
0.04 -0.00142526
0.045 -0.00161526
0.05 -0.00180825
0.055 -0.00200436
0.06 -0.00220374
0.065 -0.00240654
0.07 -0.00261291
0.075 -0.00282303
0.08 -0.00303709
0.085 -0.0032553
0.09 -0.00347787
0.095 -0.00370506
0.1 -0.00393713
0.105 -0.00417438
0.11 -0.00441713
0.115 -0.00466574
0.12 -0.00492061
0.125 -0.00518219
0.13 -0.00545098
0.135 -0.00572756
0.14 -0.00601256
0.145 -0.00630672
0.15 -0.00661091
0.155 -0.00692612
0.16 -0.0072535
0.165 -0.00759446
0.17 -0.00795065
0.175 -0.00832412
0.18 -0.00871741
0.185 -0.00913374
0.19 -0.00957728
0.195 -0.0100537
0.2 -0.0105707
0.205 -0.0111401
0.21 -0.01178
0.215 -0.0125229
0.22 -0.0134372
0.225 -0.0147389
