0.02 7.43906e-07 0.0096404 -0.00930708 2.12861e-06 0.00864055 -0.00830734 3.3585e-06 0.00764112 -0.0073081 4.43363e-06 0.00664229 -0.0063095 5.35419e-06 0.00564418 -0.00531165 6.12052e-06 0.00464682 -0.00431454 6.733e-06 0.00365018 -0.00331811 7.19198e-06 0.00265416 -0.00232227 7.49777e-06 0.00165862 -0.00132685 7.65061e-06 0.000663395 -0.000331697
0.04 2.95187e-06 0.0191278 -0.0184612 8.44059e-06 0.017129 -0.0164633 1.33047e-05 0.0151334 -0.0144692 1.75446e-05 0.0131426 -0.0124802 2.11638e-05 0.0111575 -0.0104971 2.41674e-05 0.00917817 -0.00851969 2.65611e-05 0.00720445 -0.00654768 2.83507e-05 0.00523555 -0.00458019 2.95408e-05 0.00327043 -0.00261604 3.01349e-05 0.00130777 -0.000653884
0.06 6.55754e-06 0.0283301 -0.0273305 1.87298e-05 0.0253341 -0.0243373 2.94778e-05 0.0223486 -0.0213567 3.88043e-05 0.0193788 -0.0183929 4.6726e-05 0.0164274 -0.0154479 5.32679e-05 0.013495 -0.0125217 5.8458e-05 0.0105807 -0.00961298 6.23231e-05 0.00768202 -0.00671879 6.4886e-05 0.00479549 -0.00383541 6.61632e-05 0.00191689 -0.000958447
0.08 1.14644e-05 0.0371504 -0.0358179 3.26966e-05 0.0331595 -0.0318336 5.1355e-05 0.0291927 -0.0278778 6.74486e-05 0.0252615 -0.0239602 8.1029e-05 0.0213721 -0.0200852 9.21711e-05 0.0175256 -0.0162528 0.000100958 0.0137197 -0.0124594 0.000107468 0.00994882 -0.00869858 0.000111769 0.00620513 -0.00496193 0.000113906 0.00247916 -0.00123958
0.1 1.75609e-05 0.0455299 -0.0438649 4.99949e-05 0.040547 -0.0388942 7.83334e-05 0.0356091 -0.0339768 0.000102601 0.0307375 -0.0291304 0.000122919 0.025943 -0.0243627 0.00013946 0.0212279 -0.0196734 0.00015241 0.0165871 -0.0150554 0.000161946 0.0120103 -0.010497 0.000168217 0.00748307 -0.00598251 0.000171325 0.00298797 -0.00149399
0.12 2.47329e-05 0.0534441 -0.0514469 7.02716e-05 0.0474724 -0.0454952 0.000109801 0.0415746 -0.0396311 0.000143379 0.0357853 -0.0338829 0.000171243 0.0301215 -0.0282626 0.000193728 0.0245862 -0.0227688 0.000211188 0.0191707 -0.0173899 0.000223958 0.0138577 -0.0121063 0.00023231 0.0086238 -0.00689277 0.000236436 0.00344116 -0.00172058
0.14 3.28727e-05 0.0608943 -0.0585651 9.31943e-05 0.053937 -0.0516381 0.000145186 0.0470909 -0.0448427 0.000188959 0.0404074 -0.0382205 0.000224938 0.033911 -0.0317884 0.000253692 0.0276045 -0.0255432 0.000275825 0.0214743 -0.0194667 0.000291891 0.0154944 -0.0135296 0.000302338 0.00962979 -0.00769473 0.000307481 0.00383977 -0.00191989
0.16 4.18837e-05 0.0678983 -0.0652375 0.000118464 0.0599589 -0.057341 0.000183974 0.0521764 -0.0496298 0.000238617 0.0446222 -0.0421614 0.000283074 0.037329 -0.0349575 0.000318246 0.0302992 -0.0280124 0.000345067 0.0235125 -0.0212994 0.00036438 0.0169318 -0.0147772 0.000376863 0.0105086 -0.00839448 0.000382985 0.00418692 -0.00209346
0.18 5.16814e-05 0.0744841 -0.071492 0.000145823 0.0655658 -0.0626316 0.000225726 0.0568587 -0.0540199 0.00029173 0.0484567 -0.0457323 0.000344868 0.0404015 -0.0377953 0.000386469 0.0326941 -0.0301991 0.000417885 0.0253054 -0.0229067 0.00044032 0.0181856 -0.015863 0.000454729 0.0112704 -0.00900031 0.000461767 0.00448681 -0.00224341
0.2 6.21934e-05 0.0806837 -0.0773607 0.000175047 0.0707898 -0.0675419 0.000270065 0.0611694 -0.0580448 0.000347778 0.051942 -0.0489638 0.000409672 0.0431579 -0.0403302 0.000457611 0.0348155 -0.0321284 0.000493455 0.0268755 -0.0243096 0.000518834 0.0192731 -0.0168025 0.000535028 0.0119266 -0.00952135 0.000542906 0.00474407 -0.00237203
0.22 7.33581e-05 0.0865303 -0.0828766 0.000205948 0.0756641 -0.0721051 0.000316676 0.0651416 -0.0617369 0.00040633 0.0551098 -0.0518872 0.000476959 0.045628 -0.0425913 0.00053107 0.0366904 -0.0338262 0.000571124 0.0282456 -0.0255291 0.00059924 0.0202118 -0.017611 0.000617061 0.0124884 -0.00996671 0.000625695 0.00496331 -0.00248166
0.24 8.51235e-05 0.092056 -0.0880721 0.000238369 0.0802207 -0.0763532 0.000365294 0.0688067 -0.0651278 0.000467027 0.0579908 -0.0545327 0.000546296 0.0478405 -0.0446064 0.000606368 0.0383445 -0.0353168 0.000650384 0.0294372 -0.0265853 0.000681013 0.0210183 -0.0183034 0.000700298 0.0129667 -0.010345 0.0007096 0.00514892 -0.00257446
0.26 9.74453e-05 0.0972911 -0.0929772 0.000272173 0.0844897 -0.0803161 0.000415699 0.0721946 -0.0682467 0.000529574 0.0606136 -0.0569284 0.000617338 0.0498223 -0.0464014 0.000683124 0.0398017 -0.036623 0.000730839 0.0304704 -0.0274966 0.000763753 0.0217079 -0.018893 0.000784337 0.0133712 -0.0106642 0.000794224 0.00530488 -0.00265244
0.28 0.000110286 0.102263 -0.0976195 0.000307247 0.0884985 -0.0840211 0.000467702 0.0753321 -0.0711205 0.000593727 0.0630044 -0.0590999 0.0006898 0.0515976 -0.0479999 0.000761035 0.0410836 -0.0377651 0.000812181 0.0313631 -0.0282797 0.000847155 0.0222941 -0.0193921 0.000868879 0.0137107 -0.0109315 0.000879269 0.0054348 -0.0027174
0.3 0.000123612 0.106997 -0.102024 0.000343493 0.0922719 -0.087493 0.000521147 0.0782438 -0.0737734 0.000659283 0.0651866 -0.0610701 0.000763453 0.0531882 -0.0494229 0.000839861 0.0422096 -0.0387617 0.000894172 0.0321316 -0.0289495 0.000930988 0.0227893 -0.0198114 0.000953702 0.0139932 -0.011153 0.00096452 0.00554187 -0.00277093
0.32 0.000137398 0.111514 -0.106212 0.000380827 0.095832 -0.0907539 0.0005759 0.0809514 -0.076227 0.000726072 0.0671811 -0.0628596 0.000838108 0.0546136 -0.0506891 0.000919411 0.0431967 -0.0396288 0.000976627 0.03279 -0.029519 0.00101508 0.0232042 -0.0201604 0.00103864 0.0142255 -0.0113344 0.00104982 0.00562888 -0.00281444
0.34 0.000151617 0.115836 -0.110205 0.000419177 0.0991986 -0.0938234 0.000631845 0.0834743 -0.0785004 0.000793949 0.0690066 -0.0644866 0.00091361 0.0558909 -0.0518151 0.000999532 0.0440601 -0.0403809 0.0010594 0.0333508 -0.03 0.00109929 0.0235483 -0.0204476 0.00112358 0.0144137 -0.0114806 0.00113504 0.0056983 -0.00284915
0.36 0.00016625 0.119978 -0.114019 0.000458479 0.102389 -0.0967191 0.000688883 0.0858298 -0.0806108 0.000862795 0.0706795 -0.0659672 0.000989831 0.0570353 -0.0528156 0.0010801 0.0448132 -0.0410305 0.00114239 0.0338252 -0.0304024 0.00118354 0.0238299 -0.0206801 0.00120842 0.0145631 -0.0115957 0.00122012 0.00575227 -0.00287614
0.38 0.000181278 0.123958 -0.11767 0.000498677 0.10542 -0.0994564 0.000746928 0.0880332 -0.0825731 0.000932506 0.0722144 -0.0673157 0.00106667 0.0580603 -0.0537035 0.00116102 0.0454678 -0.0415889 0.0012255 0.0342226 -0.0307353 0.00126774 0.0240562 -0.0208646 0.00129311 0.0146782 -0.0116836 0.00130499 0.00579266 -0.00289633
0.4 0.000196684 0.127788 -0.121173 0.000539723 0.108303 -0.102049 0.000805906 0.0900979 -0.0844009 0.00100299 0.0736243 -0.0685447 0.00114403 0.0589776 -0.0544901 0.00124221 0.0460341 -0.0420656 0.00130867 0.0345517 -0.0310063 0.00135184 0.0242336 -0.0210064 0.0013776 0.0147633 -0.0117475 0.00138961 0.0058211 -0.00291055
0.42 0.000212454 0.131482 -0.124539 0.000581574 0.111052 -0.104509 0.00086575 0.0920361 -0.086106 0.00107418 0.0749207 -0.0696654 0.00122183 0.0597979 -0.0551857 0.0013236 0.0465214 -0.0424695 0.00139184 0.0348199 -0.0312224 0.0014358 0.0243677 -0.0211106 0.00146186 0.0148218 -0.0117902 0.00147396 0.00583903 -0.00291952
0.44 0.000228574 0.13505 -0.127779 0.00062419 0.113678 -0.106848 0.000926403 0.0938584 -0.0876989 0.001146 0.0761136 -0.0706877 0.00130003 0.0605304 -0.055799 0.00140514 0.0469377 -0.0428079 0.00147497 0.0350338 -0.0313896 0.0015196 0.0244633 -0.0211814 0.00154588 0.0148568 -0.0118142 0.00155803 0.0058477 -0.00292385
0.46 0.000245033 0.138502 -0.130904 0.000667537 0.116191 -0.109075 0.000987812 0.0955744 -0.0891891 0.0012184 0.0772122 -0.0716205 0.00137856 0.0611833 -0.0563379 0.0014868 0.0472901 -0.0430877 0.00155805 0.0351992 -0.0315131 0.00160321 0.0245248 -0.0212226 0.00162964 0.014871 -0.0118217 0.00164181 0.00584819 -0.00292409
0.48 0.00026182 0.141847 -0.133922 0.000711583 0.118598 -0.111199 0.00104993 0.0971925 -0.0905851 0.00129133 0.0782245 -0.0724714 0.00145738 0.061764 -0.0568096 0.00156853 0.0475849 -0.0433147 0.00164103 0.0353211 -0.0315978 0.00168663 0.024556 -0.0212376 0.00171314 0.0148669 -0.0118145 0.0017253 0.00584147 -0.00292074
0.5 0.000278926 0.145092 -0.136841 0.000756299 0.120908 -0.113228 0.00111272 0.0987206 -0.0918942 0.00136473 0.0791577 -0.0732477 0.00153645 0.0622789 -0.0572201 0.0016503 0.0478278 -0.0434943 0.00172391 0.0354041 -0.0316476 0.00176984 0.0245601 -0.0212293 0.00179637 0.0148465 -0.0117945 0.00180849 0.0058284 -0.0029142
0.52 0.000296341 0.148245 -0.139667 0.000801659 0.123129 -0.115168 0.00117614 0.100165 -0.0931233 0.00143858 0.0800184 -0.0739555 0.00161573 0.0627339 -0.0575751 0.0017321 0.0480237 -0.043631 0.00180668 0.0354523 -0.0316663 0.00185284 0.0245403 -0.0212002 0.00187935 0.0148117 -0.0117631 0.0018914 0.0058097 -0.00290485
0.54 0.000314058 0.151312 -0.142408 0.000847639 0.125265 -0.117026 0.00124015 0.101533 -0.0942784 0.00151283 0.0808122 -0.0746005 0.0016952 0.0631342 -0.0578796 0.0018139 0.048177 -0.0437291 0.00188931 0.0354691 -0.0316571 0.00193563 0.0244989 -0.0211528 0.00196207 0.0147641 -0.0117216 0.00197404 0.00578605 -0.00289302
0.56 0.000332068 0.154299 -0.145069 0.000894217 0.127324 -0.118808 0.00130473 0.102829 -0.0953649 0.00158746 0.0815444 -0.0751877 0.00177483 0.0634845 -0.058138 0.00189569 0.0482919 -0.0437923 0.00197182 0.0354578 -0.031623 0.00201822 0.0244385 -0.0210889 0.00204454 0.0147052 -0.0116711 0.00205641 0.00575802 -0.00287901
0.58 0.000350365 0.157211 -0.147655 0.000941373 0.129309 -0.120519 0.00136985 0.104058 -0.0963879 0.00166244 0.0822198 -0.0757217 0.0018546 0.063789 -0.0583543 0.00197746 0.0483717 -0.0438238 0.00205418 0.0354212 -0.0315664 0.0021006 0.0243611 -0.0210105 0.00212676 0.0146363 -0.0116128 0.00213852 0.00572613 -0.00286307
0.6 0.000368942 0.160053 -0.150171 0.000989087 0.131226 -0.122163 0.00143547 0.105225 -0.0973518 0.00173774 0.0828424 -0.0762066 0.0019345 0.0640515 -0.0585321 0.00205918 0.0484197 -0.0438268 0.00213641 0.0353618 -0.0314898 0.00218278 0.0242684 -0.0209191 0.00220876 0.0145586 -0.0115474 0.00222038 0.00569085 -0.00284542
0.62 0.000387793 0.162828 -0.152622 0.00103734 0.13308 -0.123744 0.00150159 0.106335 -0.0982606 0.00181333 0.0834163 -0.0766461 0.0020145 0.0642753 -0.0586746 0.00214087 0.0484389 -0.0438038 0.0022185 0.035282 -0.0313952 0.00226477 0.0241623 -0.0208162 0.00229053 0.014473 -0.0114759 0.00230201 0.00565257 -0.00282629
0.64 0.000406913 0.165541 -0.15501 0.00108612 0.134873 -0.125267 0.00156817 0.10739 -0.0991181 0.0018892 0.0839449 -0.0770436 0.00209459 0.0644636 -0.0587848 0.00222251 0.0484317 -0.0437573 0.00230045 0.0351836 -0.0312843 0.00234656 0.0240441 -0.020703 0.00237209 0.0143805 -0.011399 0.00238342 0.00561167 -0.00280583
0.66 0.000426295 0.168196 -0.15734 0.00113541 0.13661 -0.126736 0.00163519 0.108395 -0.0999275 0.00196534 0.0844313 -0.0774022 0.00217475 0.0646192 -0.0588654 0.00230409 0.0484005 -0.0436894 0.00238226 0.0350687 -0.031159 0.00242817 0.0239151 -0.0205808 0.00245344 0.0142819 -0.0113173 0.00246461 0.00556846 -0.00278423
0.68 0.000445936 0.170796 -0.159615 0.00118519 0.138293 -0.128152 0.00170264 0.109351 -0.100692 0.00204171 0.0848786 -0.0777246 0.00225498 0.0647446 -0.0589187 0.00238561 0.0483474 -0.0436021 0.00246393 0.0349388 -0.0310207 0.00250961 0.0237766 -0.0204506 0.00253459 0.014178 -0.0112314 0.0025456 0.00552324 -0.00276162
0.7 0.000465829 0.173343 -0.161838 0.00123545 0.139926 -0.129519 0.00177049 0.110264 -0.101414 0.00211831 0.0852892 -0.0780134 0.00233527 0.0648422 -0.0589469 0.00246706 0.0482744 -0.0434972 0.00254547 0.0347954 -0.0308707 0.00259087 0.0236296 -0.0203132 0.00261556 0.0140693 -0.0111419 0.00262639 0.00547627 -0.00273814
0.72 0.000485972 0.175841 -0.164011 0.00128618 0.141511 -0.130841 0.00183873 0.111134 -0.102097 0.00219512 0.0856657 -0.0782709 0.0024156 0.064914 -0.058952 0.00254845 0.0481832 -0.0433763 0.00262688 0.0346399 -0.0307103 0.00267197 0.0234751 -0.0201695 0.00269635 0.0139565 -0.0110491 0.002707 0.00542778 -0.00271389
0.74 0.000506359 0.178291 -0.166138 0.00133737 0.143052 -0.132119 0.00190735 0.111964 -0.102743 0.00227212 0.0860103 -0.0784992 0.00249598 0.064962 -0.0589359 0.00262977 0.0480753 -0.0432409 0.00270816 0.0344734 -0.0305405 0.00275291 0.0233139 -0.0200203 0.00277697 0.0138401 -0.0109535 0.00278744 0.00537799 -0.00268899
0.76 0.000526986 0.180697 -0.16822 0.00138899 0.144549 -0.133355 0.00197633 0.112757 -0.103353 0.00234931 0.086325 -0.0787004 0.00257638 0.064988 -0.0589002 0.00271103 0.0479523 -0.0430922 0.00278931 0.0342972 -0.0303624 0.0028337 0.0231469 -0.0198663 0.00285743 0.0137206 -0.0108556 0.00286771 0.00532707 -0.00266354
0.78 0.000547849 0.183061 -0.17026 0.00144105 0.146006 -0.134552 0.00204565 0.113515 -0.103931 0.00242668 0.0866117 -0.0788761 0.00265681 0.0649935 -0.0588464 0.00279221 0.0478154 -0.0429315 0.00287035 0.0341122 -0.0301768 0.00291435 0.0229747 -0.019708 0.00293773 0.0135984 -0.0107556 0.00294783 0.0052752 -0.0026376
0.8 0.000568946 0.185384 -0.17226 0.00149354 0.147425 -0.135712 0.0021153 0.114239 -0.104477 0.00250421 0.0868721 -0.0790282 0.00273726 0.0649801 -0.0587759 0.00287332 0.0476658 -0.0427599 0.00295126 0.0339193 -0.0299846 0.00299485 0.022798 -0.019546 0.00301789 0.013474 -0.0106539 0.0030278 0.00522253 -0.00261127
0.82 0.000590271 0.187668 -0.174222 0.00154643 0.148806 -0.136837 0.00218528 0.114931 -0.104994 0.00258189 0.0871078 -0.079158 0.00281773 0.0649491 -0.05869 0.00295436 0.0475046 -0.0425784 0.00303206 0.0337193 -0.0297866 0.00307523 0.0226173 -0.0193809 0.00309791 0.0133475 -0.0105507 0.00310763 0.0051692 -0.0025846
0.84 0.000611823 0.189916 -0.176146 0.00159973 0.150152 -0.137928 0.00225556 0.115594 -0.105484 0.00265971 0.0873203 -0.079267 0.0028982 0.0649017 -0.0585898 0.00303533 0.0473329 -0.0423879 0.00311274 0.0335131 -0.0295833 0.00315547 0.0224333 -0.019213 0.0031778 0.0132195 -0.0104462 0.00318732 0.00511533 -0.00255767
0.86 0.000633597 0.192128 -0.178036 0.00165342 0.151465 -0.138987 0.00232614 0.116227 -0.105946 0.00273767 0.087511 -0.0793565 0.00297868 0.0648392 -0.0584765 0.00311623 0.0471515 -0.0421893 0.00319332 0.0333012 -0.0293754 0.00323559 0.0222462 -0.0190428 0.00325756 0.0130901 -0.0103408 0.00326689 0.00506103 -0.00253052
0.88 0.00065559 0.194306 -0.179892 0.00170749 0.152746 -0.140015 0.00239701 0.116834 -0.106384 0.00281576 0.0876811 -0.0794277 0.00305917 0.0647626 -0.058351 0.00319706 0.0469613 -0.0419833 0.0032738 0.0330844 -0.0291636 0.0033156 0.0220567 -0.0188707 0.0033372 0.0129596 -0.0102346 0.00334635 0.00500641 -0.00250321
0.9 0.0006778 0.196452 -0.181716 0.00176194 0.153997 -0.141014 0.00246815 0.117415 -0.106798 0.00289397 0.0878318 -0.0794817 0.00313965 0.0646729 -0.0582143 0.00327782 0.0467631 -0.0417706 0.00335417 0.0328631 -0.0289482 0.00339549 0.0218651 -0.0186969 0.00341673 0.0128283 -0.0101278 0.00342569 0.00495155 -0.00247578
0.92 0.000700223 0.198567 -0.183509 0.00181676 0.155218 -0.141985 0.00253956 0.117971 -0.10719 0.00297229 0.0879643 -0.0795196 0.00322013 0.064571 -0.0580671 0.00335851 0.0465576 -0.0415519 0.00343444 0.032638 -0.0287297 0.00347528 0.0216717 -0.0185219 0.00349615 0.0126963 -0.0100206 0.00350492 0.00489654 -0.00244827
0.94 0.000722858 0.200652 -0.185272 0.00187194 0.15641 -0.142929 0.00261123 0.118504 -0.10756 0.00305071 0.0880794 -0.0795423 0.0033006 0.0644577 -0.0579104 0.00343913 0.0463454 -0.0413279 0.00351462 0.0324095 -0.0285087 0.00355496 0.0214768 -0.0183458 0.00357547 0.0125639 -0.00991304 0.00358405 0.00484145 -0.00242072
0.96 0.0007457 0.202708 -0.187007 0.00192747 0.157576 -0.143847 0.00268315 0.119014 -0.10791 0.00312924 0.0881783 -0.0795507 0.00338107 0.0643339 -0.0577447 0.00351968 0.0461272 -0.0410989 0.00359471 0.032178 -0.0282854 0.00363455 0.0212809 -0.018169 0.00365469 0.0124312 -0.00980536 0.00366309 0.00478634 -0.00239317
0.98 0.000768747 0.204737 -0.188714 0.00198335 0.158716 -0.144741 0.00275531 0.119503 -0.108241 0.00320786 0.0882617 -0.0795456 0.00346152 0.0642002 -0.0575708 0.00360017 0.0459035 -0.0408656 0.00367471 0.031944 -0.0280602 0.00371404 0.021084 -0.0179916 0.00373382 0.0122984 -0.00969767 0.00374204 0.00473128 -0.00236564
1 0.000791998 0.206739 -0.190395 0.00203956 0.159831 -0.145611 0.0028277 0.119972 -0.108553 0.00328657 0.0883305 -0.0795279 0.00354196 0.0640573 -0.0573892 0.00368059 0.0456748 -0.0406284 0.00375463 0.0317078 -0.0278335 0.00379344 0.0208866 -0.0178139 0.00381286 0.0121656 -0.00959007 0.0038209 0.00467632 -0.00233816
