0.02 -1562.2 162043 646496 1562.2 -162043 -581679 -4470.07 161989 581679 4470.07 -161989 -516883 -7052.86 161898 516883 7052.86 -161898 -452124 -9310.62 161784 452124 9310.62 -161784 -387411 -11243.8 161662 387411 11243.8 -161662 -322746 -12853.1 161542 322746 12853.1 -161542 -258129 -14139.3 161435 258129 14139.3 -161435 -193555 -15103.1 161348 193555 15103.1 -161348 -129016 -15745.3 161286 129016 15745.3 -161286 -64501.9 -16066.3 161255 64501.9 16066.3 -161255 -8.09814e-09
0.04 -6198.93 324043 1.28307e+06 6198.93 -324043 -1.15345e+06 -17725.2 323622 1.15345e+06 17725.2 -323622 -1.024e+06 -27939.9 322904 1.024e+06 27939.9 -322904 -894839 -36843.7 322013 894839 36843.7 -322013 -766034 -44444.1 321055 766034 44444.1 -321055 -637612 -50751.6 320121 637612 50751.6 -320121 -509564 -55778.4 319285 509564 55778.4 -319285 -381850 -59536.4 318607 381850 59536.4 -318607 -254407 -62035.6 318131 254407 62035.6 -318131 -127154 -63283.3 317886 127154 63283.3 -317886 -5.57007e-06
0.06 -13770.8 485963 1.90115e+06 13770.8 -485963 -1.70677e+06 -39332.6 484579 1.70677e+06 39332.6 -484579 -1.51294e+06 -61903.5 482228 1.51294e+06 61903.5 -482228 -1.32005e+06 -81489.1 479318 1.32005e+06 81489.1 -479318 -1.12832e+06 -98124.7 476200 1.12832e+06 98124.7 -476200 -937838 -111863 473168 937838 111863 -473168 -748571 -122762 470464 748571 122762 -470464 -560385 -130878 468274 560385 130878 -468274 -373075 -136261 466739 373075 136261 -466739 -186380 -138943 465949 186380 138943 -465949 -5.42038e-05
0.08 -24075.3 647771 2.49446e+06 24075.3 -647771 -2.23535e+06 -68663 644606 2.23535e+06 68663 -644606 -1.9775e+06 -107845 639248 1.9775e+06 107845 -639248 -1.72181e+06 -141642 632642 1.72181e+06 141642 -632642 -1.46875e+06 -170161 625593 1.46875e+06 170161 -625593 -1.21851e+06 -193559 618768 1.21851e+06 193559 -618768 -971004 -212011 612702 971004 212011 -612702 -725923 -225683 607807 725923 225683 -607807 -482801 -234714 604381 482801 234714 -604381 -241048 -239203 602621 241048 239203 -602621 -0.00014828
0.1 -36877.8 809446 3.05917e+06 36877.8 -809446 -2.73539e+06 -104989 803520 2.73539e+06 104989 -803520 -2.41399e+06 -164500 793531 2.41399e+06 164500 -793531 -2.09657e+06 -215463 781277 2.09657e+06 215463 -781277 -1.78406e+06 -258131 768268 1.78406e+06 258131 -768268 -1.47676e+06 -292866 755733 1.47676e+06 292866 -755733 -1.17446e+06 -320061 744640 1.17446e+06 320061 -744640 -876607 -340088 735720 876607 340088 -735720 -582319 -353255 729495 582319 353255 -729495 -290521 -359782 726301 290521 359782 -726301 -0.000208107
0.12 -51939 970972 3.59371e+06 51939 -970972 -3.20532e+06 -147570 961205 3.20532e+06 147570 -961205 -2.82084e+06 -230583 944822 2.82084e+06 230583 -944822 -2.44291e+06 -301096 924836 2.44291e+06 301096 -924836 -2.07298e+06 -359611 903740 2.07298e+06 359611 -903740 -1.71148e+06 -406828 883524 1.71148e+06 406828 -883524 -1.35807e+06 -443496 865719 1.35807e+06 443496 -865719 -1.01178e+06 -470312 851460 1.01178e+06 470312 -851460 -671200 -487851 841541 671200 487851 -841541 -334584 -496516 836460 334584 496516 -836460 -0.000189209
0.14 -69032.7 1.13234e+06 4.09815e+06 69032.7 -1.13234e+06 -3.64521e+06 -195708 1.1176e+06 3.64521e+06 195708 -1.1176e+06 -3.19817e+06 -304890 1.093e+06 3.19817e+06 304890 -1.093e+06 -2.76097e+06 -396815 1.06318e+06 2.76097e+06 396815 -1.06318e+06 -2.33569e+06 -472369 1.0319e+06 2.33569e+06 472369 -1.0319e+06 -1.92293e+06 -532753 1.0021e+06 1.92293e+06 532753 -1.0021e+06 -1.5221e+06 -579233 975987 1.5221e+06 579233 -975987 -1.1317e+06 -612970 955169 1.1317e+06 612970 -955169 -749634 -634909 940732 749634 634909 -940732 -373341 -645709 933353 373341 645709 -933353 -0.000126802
0.16 -87955.8 1.29355e+06 4.57364e+06 87955.8 -1.29355e+06 -4.05622e+06 -248775 1.27268e+06 4.05622e+06 248775 -1.27268e+06 -3.54715e+06 -386346 1.23806e+06 3.54715e+06 386346 -1.23806e+06 -3.05193e+06 -501095 1.19635e+06 3.05193e+06 501095 -1.19635e+06 -2.57338e+06 -594455 1.15289e+06 2.57338e+06 594455 -1.15289e+06 -2.11223e+06 -668317 1.11174e+06 2.11223e+06 668317 -1.11174e+06 -1.66753e+06 -724641 1.07589e+06 1.66753e+06 724641 -1.07589e+06 -1.23718e+06 -765199 1.04743e+06 1.23718e+06 765199 -1.04743e+06 -818201 -791413 1.02777e+06 818201 791413 -1.02777e+06 -407094 -804268 1.01774e+06 407094 804268 -1.01774e+06 -6.79202e-05
0.18 -108531 1.45459e+06 5.02201e+06 108531 -1.45459e+06 -4.44017e+06 -306227 1.42646e+06 4.44017e+06 306227 -1.42646e+06 -3.86958e+06 -474024 1.38005e+06 3.86958e+06 474024 -1.38005e+06 -3.31757e+06 -612633 1.3245e+06 3.31757e+06 612633 -1.3245e+06 -2.78776e+06 -724222 1.26702e+06 2.78776e+06 724222 -1.26702e+06 -2.28096e+06 -811585 1.21295e+06 2.28096e+06 811585 -1.21295e+06 -1.79578e+06 -877559 1.16611e+06 1.79578e+06 877559 -1.16611e+06 -1.32933e+06 -924673 1.1291e+06 1.32933e+06 924673 -1.1291e+06 -877695 -954931 1.10361e+06 877695 954931 -1.10361e+06 -436253 -969712 1.09063e+06 436253 969712 -1.09063e+06 -3.08584e-05
0.2 -130606 1.61548e+06 5.44531e+06 130606 -1.61548e+06 -4.79912e+06 -367598 1.57895e+06 4.79912e+06 367598 -1.57895e+06 -4.16754e+06 -567136 1.51904e+06 4.16754e+06 567136 -1.51904e+06 -3.55993e+06 -730335 1.44785e+06 3.55993e+06 730335 -1.44785e+06 -2.98079e+06 -860312 1.37468e+06 2.98079e+06 860312 -1.37468e+06 -2.43091e+06 -960983 1.3063e+06 2.43091e+06 960983 -1.3063e+06 -1.90839e+06 -1.03625e+06 1.24741e+06 1.90839e+06 1.03625e+06 -1.24741e+06 -1.40943e+06 -1.08955e+06 1.2011e+06 1.40943e+06 1.08955e+06 -1.2011e+06 -928990 -1.12356e+06 1.16931e+06 928990 1.12356e+06 -1.16931e+06 -461266 -1.1401e+06 1.15316e+06 461266 1.1401e+06 -1.15316e+06 -1.24499e-05
0.22 -154052 1.77621e+06 5.84572e+06 154052 -1.77621e+06 -5.13524e+06 -432492 1.73018e+06 5.13524e+06 432492 -1.73018e+06 -4.44317e+06 -665019 1.65516e+06 4.44317e+06 665019 -1.65516e+06 -3.7811e+06 -853293 1.56664e+06 3.7811e+06 853293 -1.56664e+06 -3.15444e+06 -1.00161e+06 1.47629e+06 3.15444e+06 1.00161e+06 -1.47629e+06 -2.56393e+06 -1.11525e+06 1.39242e+06 2.56393e+06 1.11525e+06 -1.39242e+06 -2.00696e+06 -1.19936e+06 1.3206e+06 2.00696e+06 1.19936e+06 -1.3206e+06 -1.47872e+06 -1.2584e+06 1.26439e+06 1.47872e+06 1.2584e+06 -1.26439e+06 -972960 -1.29583e+06 1.22594e+06 972960 1.29583e+06 -1.22594e+06 -482583 -1.31396e+06 1.20646e+06 482583 1.31396e+06 -1.20646e+06 -4.67774e-06
0.24 -178759 1.93678e+06 6.22531e+06 178759 -1.93678e+06 -5.4506e+06 -500574 1.88019e+06 5.4506e+06 500574 -1.88019e+06 -4.69852e+06 -767118 1.78853e+06 4.69852e+06 767118 -1.78853e+06 -3.98311e+06 -980756 1.68112e+06 3.98311e+06 980756 -1.68112e+06 -3.31066e+06 -1.14722e+06 1.57229e+06 3.31066e+06 1.14722e+06 -1.57229e+06 -2.68175e+06 -1.27337e+06 1.47192e+06 2.68175e+06 1.27337e+06 -1.47192e+06 -2.09298e+06 -1.36581e+06 1.38646e+06 2.09298e+06 1.36581e+06 -1.38646e+06 -1.5384e+06 -1.43013e+06 1.31989e+06 1.5384e+06 1.43013e+06 -1.31989e+06 -1.01044e+06 -1.47062e+06 1.27452e+06 1.01044e+06 1.47062e+06 -1.27452e+06 -500629 -1.49016e+06 1.25157e+06 500629 1.49016e+06 -1.25157e+06 -1.62638e-06
0.26 -204635 2.0972e+06 6.58604e+06 204635 -2.0972e+06 -5.74716e+06 -571564 2.02901e+06 5.74716e+06 571564 -2.02901e+06 -4.93555e+06 -872967 1.91926e+06 4.93555e+06 872967 -1.91926e+06 -4.16785e+06 -1.11211e+06 1.79156e+06 4.16785e+06 1.11211e+06 -1.79156e+06 -3.45123e+06 -1.29641e+06 1.66307e+06 3.45123e+06 1.29641e+06 -1.66307e+06 -2.786e+06 -1.43456e+06 1.54536e+06 2.786e+06 1.43456e+06 -1.54536e+06 -2.16785e+06 -1.53476e+06 1.44572e+06 2.16785e+06 1.53476e+06 -1.44572e+06 -1.58956e+06 -1.60388e+06 1.36846e+06 1.58956e+06 1.60388e+06 -1.36846e+06 -1.04218e+06 -1.64711e+06 1.31597e+06 1.04218e+06 1.64711e+06 -1.31597e+06 -515793 -1.66787e+06 1.28948e+06 515793 1.66787e+06 -1.28948e+06 -6.33241e-07
0.28 -231600 2.25747e+06 6.92968e+06 231600 -2.25747e+06 -6.0267e+06 -645219 2.17669e+06 6.0267e+06 645219 -2.17669e+06 -5.15602e+06 -982175 2.04747e+06 5.15602e+06 982175 -2.04747e+06 -4.33704e+06 -1.24683e+06 1.89818e+06 4.33704e+06 1.24683e+06 -1.89818e+06 -3.57776e+06 -1.44858e+06 1.74904e+06 3.57776e+06 1.44858e+06 -1.74904e+06 -2.87815e+06 -1.59817e+06 1.61329e+06 2.87815e+06 1.59817e+06 -1.61329e+06 -2.23283e+06 -1.70558e+06 1.49903e+06 2.23283e+06 1.70558e+06 -1.49903e+06 -1.63322e+06 -1.77902e+06 1.41084e+06 1.63322e+06 1.77902e+06 -1.41084e+06 -1.06888e+06 -1.82465e+06 1.35114e+06 1.06888e+06 1.82465e+06 -1.35114e+06 -528426 -1.84647e+06 1.32106e+06 528426 1.84647e+06 -1.32106e+06 -1.3673e-07
0.3 -259586 2.4176e+06 7.25787e+06 259586 -2.4176e+06 -6.29083e+06 -721336 2.32325e+06 6.29083e+06 721336 -2.32325e+06 -5.36153e+06 -1.09441e+06 2.17327e+06 5.36153e+06 1.09441e+06 -2.17327e+06 -4.49222e+06 -1.38449e+06 2.00122e+06 4.49222e+06 1.38449e+06 -2.00122e+06 -3.69173e+06 -1.60325e+06 1.83054e+06 3.69173e+06 1.60325e+06 -1.83054e+06 -2.95952e+06 -1.76371e+06 1.6762e+06 2.95952e+06 1.76371e+06 -1.6762e+06 -2.28904e+06 -1.87776e+06 1.547e+06 2.28904e+06 1.87776e+06 -1.547e+06 -1.67024e+06 -1.95507e+06 1.44774e+06 1.67024e+06 1.95507e+06 -1.44774e+06 -1.09114e+06 -2.00277e+06 1.38076e+06 1.09114e+06 2.00277e+06 -1.38076e+06 -538836 -2.02549e+06 1.34709e+06 538836 2.02549e+06 -1.34709e+06 -5.75674e-08
0.32 -288535 2.57758e+06 7.57203e+06 288535 -2.57758e+06 -6.541e+06 -799737 2.46873e+06 6.541e+06 799737 -2.46873e+06 -5.5535e+06 -1.20939e+06 2.29677e+06 5.5535e+06 1.20939e+06 -2.29677e+06 -4.6348e+06 -1.52475e+06 2.10089e+06 4.6348e+06 1.52475e+06 -2.10089e+06 -3.79444e+06 -1.76003e+06 1.90791e+06 3.79444e+06 1.76003e+06 -1.90791e+06 -3.03128e+06 -1.93076e+06 1.73452e+06 3.03128e+06 1.93076e+06 -1.73452e+06 -2.33747e+06 -2.05092e+06 1.59017e+06 2.33747e+06 2.05092e+06 -1.59017e+06 -1.7014e+06 -2.13166e+06 1.47976e+06 1.7014e+06 2.13166e+06 -1.47976e+06 -1.1095e+06 -2.18115e+06 1.4055e+06 1.1095e+06 2.18115e+06 -1.4055e+06 -547296 -2.20461e+06 1.36824e+06 547296 2.20461e+06 -1.36824e+06 5.76256e-08
0.34 -318396 2.73743e+06 7.87345e+06 318396 -2.73743e+06 -6.77848e+06 -880271 2.61316e+06 6.77848e+06 880271 -2.61316e+06 -5.73321e+06 -1.32687e+06 2.41806e+06 5.73321e+06 1.32687e+06 -2.41806e+06 -4.76599e+06 -1.66729e+06 2.19737e+06 4.76599e+06 1.66729e+06 -2.19737e+06 -3.88704e+06 -1.91858e+06 1.98144e+06 3.88704e+06 1.91858e+06 -1.98144e+06 -3.09446e+06 -2.09902e+06 1.78865e+06 3.09446e+06 2.09902e+06 -1.78865e+06 -2.379e+06 -2.22475e+06 1.62902e+06 2.379e+06 2.22475e+06 -1.62902e+06 -1.7274e+06 -2.30852e+06 1.50744e+06 1.7274e+06 2.30852e+06 -1.50744e+06 -1.12442e+06 -2.35951e+06 1.42593e+06 1.12442e+06 2.35951e+06 -1.42593e+06 -554046 -2.38359e+06 1.38511e+06 554046 2.38359e+06 -1.38511e+06 -8.6322e-08
0.36 -349125 2.89713e+06 8.16327e+06 349125 -2.89713e+06 -7.00442e+06 -962805 2.75657e+06 7.00442e+06 962805 -2.75657e+06 -5.90179e+06 -1.44665e+06 2.53725e+06 5.90179e+06 1.44665e+06 -2.53725e+06 -4.88689e+06 -1.81187e+06 2.29085e+06 4.88689e+06 1.81187e+06 -2.29085e+06 -3.97055e+06 -2.07865e+06 2.05141e+06 3.97055e+06 2.07865e+06 -2.05141e+06 -3.14998e+06 -2.26821e+06 1.83894e+06 3.14998e+06 2.26821e+06 -1.83894e+06 -2.41441e+06 -2.39902e+06 1.66396e+06 2.41441e+06 2.39902e+06 -1.66396e+06 -1.74882e+06 -2.48543e+06 1.53126e+06 1.74882e+06 2.48543e+06 -1.53126e+06 -1.13632e+06 -2.53768e+06 1.44256e+06 1.13632e+06 2.53768e+06 -1.44256e+06 -559293 -2.56225e+06 1.39823e+06 559293 2.56225e+06 -1.39823e+06 4.31901e-08
0.38 -380683 3.05671e+06 8.44251e+06 380683 -3.05671e+06 -7.21983e+06 -1.04722e+06 2.899e+06 7.21983e+06 1.04722e+06 -2.899e+06 -6.06023e+06 -1.56855e+06 2.6544e+06 6.06023e+06 1.56855e+06 -2.6544e+06 -4.99847e+06 -1.95826e+06 2.38149e+06 4.99847e+06 1.95826e+06 -2.38149e+06 -4.04587e+06 -2.24e+06 2.11806e+06 4.04587e+06 2.24e+06 -2.11806e+06 -3.19865e+06 -2.43814e+06 1.88572e+06 3.19865e+06 2.43814e+06 -1.88572e+06 -2.44436e+06 -2.57355e+06 1.69538e+06 2.44436e+06 2.57355e+06 -1.69538e+06 -1.76621e+06 -2.66225e+06 1.55163e+06 1.76621e+06 2.66225e+06 -1.55163e+06 -1.14556e+06 -2.71553e+06 1.45584e+06 1.14556e+06 2.71553e+06 -1.45584e+06 -563220 -2.74047e+06 1.40805e+06 563220 2.74047e+06 -1.40805e+06 -7.19447e-08
0.4 -413036 3.21615e+06 8.71207e+06 413036 -3.21615e+06 -7.42561e+06 -1.13342e+06 3.04045e+06 7.42561e+06 1.13342e+06 -3.04045e+06 -6.20943e+06 -1.6924e+06 2.7696e+06 6.20943e+06 1.6924e+06 -2.7696e+06 -5.10159e+06 -2.10629e+06 2.46943e+06 5.10159e+06 2.10629e+06 -2.46943e+06 -4.11381e+06 -2.40245e+06 2.18161e+06 4.11381e+06 2.40245e+06 -2.18161e+06 -3.24117e+06 -2.60864e+06 1.92928e+06 3.24117e+06 2.60864e+06 -1.92928e+06 -2.46946e+06 -2.7482e+06 1.72361e+06 2.46946e+06 2.7482e+06 -1.72361e+06 -1.78001e+06 -2.83886e+06 1.56892e+06 1.78001e+06 2.83886e+06 -1.56892e+06 -1.15244e+06 -2.89296e+06 1.46615e+06 1.15244e+06 2.89296e+06 -1.46615e+06 -565986 -2.91818e+06 1.41496e+06 565986 2.91818e+06 -1.41496e+06 -1.15193e-07
0.42 -446152 3.37547e+06 8.97274e+06 446152 -3.37547e+06 -7.62255e+06 -1.22131e+06 3.18096e+06 7.62255e+06 1.22131e+06 -3.18096e+06 -6.35017e+06 -1.81808e+06 2.88292e+06 6.35017e+06 1.81808e+06 -2.88292e+06 -5.197e+06 -2.25578e+06 2.55482e+06 5.197e+06 2.25578e+06 -2.55482e+06 -4.17507e+06 -2.56585e+06 2.24226e+06 4.17507e+06 2.56585e+06 -2.24226e+06 -3.27817e+06 -2.77956e+06 1.96986e+06 3.27817e+06 2.77956e+06 -1.96986e+06 -2.49022e+06 -2.92286e+06 1.74895e+06 2.49022e+06 2.92286e+06 -1.74895e+06 -1.79064e+06 -3.01518e+06 1.58346e+06 1.79064e+06 3.01518e+06 -1.58346e+06 -1.15726e+06 -3.06992e+06 1.47382e+06 1.15726e+06 3.06992e+06 -1.47382e+06 -567729 -3.09532e+06 1.41932e+06 567729 3.09532e+06 -1.41932e+06 -1.44355e-08
0.44 -480005 3.53466e+06 9.22524e+06 480005 -3.53466e+06 -7.81138e+06 -1.3108e+06 3.32055e+06 7.81138e+06 1.3108e+06 -3.32055e+06 -6.48316e+06 -1.94545e+06 2.99442e+06 6.48316e+06 1.94545e+06 -2.99442e+06 -5.28539e+06 -2.40661e+06 2.63778e+06 5.28539e+06 2.40661e+06 -2.63778e+06 -4.23027e+06 -2.73006e+06 2.3002e+06 4.23027e+06 2.73006e+06 -2.3002e+06 -3.3102e+06 -2.9508e+06 2.0077e+06 3.3102e+06 2.9508e+06 -2.0077e+06 -2.50711e+06 -3.09745e+06 1.77166e+06 2.50711e+06 3.09745e+06 -1.77166e+06 -1.79845e+06 -3.19115e+06 1.59553e+06 1.79845e+06 3.19115e+06 -1.59553e+06 -1.16024e+06 -3.24635e+06 1.47917e+06 1.16024e+06 3.24635e+06 -1.47917e+06 -568571 -3.27187e+06 1.42143e+06 568571 3.27187e+06 -1.42143e+06 -1.15135e-07
0.46 -514569 3.69372e+06 9.47021e+06 514569 -3.69372e+06 -7.99272e+06 -1.40183e+06 3.45924e+06 7.99272e+06 1.40183e+06 -3.45924e+06 -6.60902e+06 -2.0744e+06 3.10418e+06 6.60902e+06 2.0744e+06 -3.10418e+06 -5.36735e+06 -2.55864e+06 2.71842e+06 5.36735e+06 2.55864e+06 -2.71842e+06 -4.27998e+06 -2.89498e+06 2.35559e+06 4.27998e+06 2.89498e+06 -2.35559e+06 -3.33775e+06 -3.12228e+06 2.04301e+06 3.33775e+06 3.12228e+06 -2.04301e+06 -2.52054e+06 -3.2719e+06 1.79198e+06 2.52054e+06 3.2719e+06 -1.79198e+06 -1.80375e+06 -3.36674e+06 1.60538e+06 1.80375e+06 3.36674e+06 -1.60538e+06 -1.1616e+06 -3.42225e+06 1.48245e+06 1.1616e+06 3.42225e+06 -1.48245e+06 -568619 -3.4478e+06 1.42155e+06 568619 3.4478e+06 -1.42155e+06 -2.88128e-08
0.48 -549823 3.85266e+06 9.7082e+06 549823 -3.85266e+06 -8.16714e+06 -1.49432e+06 3.59705e+06 8.16714e+06 1.49432e+06 -3.59705e+06 -6.72832e+06 -2.20485e+06 3.21223e+06 6.72832e+06 2.20485e+06 -3.21223e+06 -5.44343e+06 -2.71178e+06 2.79685e+06 5.44343e+06 2.71178e+06 -2.79685e+06 -4.32469e+06 -3.06049e+06 2.40859e+06 4.32469e+06 3.06049e+06 -2.40859e+06 -3.36125e+06 -3.29391e+06 2.07597e+06 3.36125e+06 3.29391e+06 -2.07597e+06 -2.53086e+06 -3.44617e+06 1.81011e+06 2.53086e+06 3.44617e+06 -1.81011e+06 -1.80682e+06 -3.54191e+06 1.61324e+06 1.80682e+06 3.54191e+06 -1.61324e+06 -1.16152e+06 -3.59759e+06 1.48389e+06 1.16152e+06 3.59759e+06 -1.48389e+06 -567966 -3.62312e+06 1.41992e+06 567966 3.62312e+06 -1.41992e+06 -8.6322e-08
0.5 -585745 4.01148e+06 9.93974e+06 585745 -4.01148e+06 -8.33515e+06 -1.58823e+06 3.734e+06 8.33515e+06 1.58823e+06 -3.734e+06 -6.84155e+06 -2.33671e+06 3.31865e+06 6.84155e+06 2.33671e+06 -3.31865e+06 -5.51409e+06 -2.86594e+06 2.87316e+06 5.51409e+06 2.86594e+06 -2.87316e+06 -4.36483e+06 -3.22654e+06 2.45933e+06 4.36483e+06 3.22654e+06 -2.45933e+06 -3.3811e+06 -3.46564e+06 2.10675e+06 3.3811e+06 3.46564e+06 -2.10675e+06 -2.5384e+06 -3.62022e+06 1.82625e+06 2.5384e+06 3.62022e+06 -1.82625e+06 -1.8079e+06 -3.71666e+06 1.6193e+06 1.8079e+06 3.71666e+06 -1.6193e+06 -1.16018e+06 -3.77239e+06 1.4837e+06 1.16018e+06 3.77239e+06 -1.4837e+06 -566695 -3.79783e+06 1.41674e+06 566695 3.79783e+06 -1.41674e+06 2.87546e-08
0.52 -622317 4.17017e+06 1.01653e+07 622317 -4.17017e+06 -8.49721e+06 -1.68348e+06 3.87009e+06 8.49721e+06 1.68348e+06 -3.87009e+06 -6.94918e+06 -2.46988e+06 3.42348e+06 6.94918e+06 2.46988e+06 -3.42348e+06 -5.57979e+06 -3.02102e+06 2.94746e+06 5.57979e+06 3.02102e+06 -2.94746e+06 -4.4008e+06 -3.39303e+06 2.50794e+06 4.4008e+06 3.39303e+06 -2.50794e+06 -3.39763e+06 -3.63741e+06 2.1355e+06 3.39763e+06 3.63741e+06 -2.1355e+06 -2.54343e+06 -3.79402e+06 1.84057e+06 2.54343e+06 3.79402e+06 -1.84057e+06 -1.8072e+06 -3.89096e+06 1.62375e+06 1.8072e+06 3.89096e+06 -1.62375e+06 -1.1577e+06 -3.94663e+06 1.48206e+06 1.1577e+06 3.94663e+06 -1.48206e+06 -564877 -3.97194e+06 1.41219e+06 564877 3.97194e+06 -1.41219e+06 0
0.54 -659521 4.32875e+06 1.03852e+07 659521 -4.32875e+06 -8.65374e+06 -1.78004e+06 4.00536e+06 8.65374e+06 1.78004e+06 -4.00536e+06 -7.05159e+06 -2.60431e+06 3.52675e+06 7.05159e+06 2.60431e+06 -3.52675e+06 -5.64089e+06 -3.17695e+06 3.01981e+06 5.64089e+06 3.17695e+06 -3.01981e+06 -4.43296e+06 -3.55992e+06 2.55453e+06 4.43296e+06 3.55992e+06 -2.55453e+06 -3.41115e+06 -3.80919e+06 2.16237e+06 3.41115e+06 3.80919e+06 -2.16237e+06 -2.5462e+06 -3.96756e+06 1.85321e+06 2.5462e+06 3.96756e+06 -1.85321e+06 -1.80492e+06 -4.06483e+06 1.62674e+06 1.80492e+06 4.06483e+06 -1.62674e+06 -1.15422e+06 -4.12034e+06 1.47912e+06 1.15422e+06 4.12034e+06 -1.47912e+06 -562577 -4.14548e+06 1.40644e+06 562577 4.14548e+06 -1.40644e+06 7.19447e-08
0.56 -697343 4.48722e+06 1.06e+07 697343 -4.48722e+06 -8.80509e+06 -1.87786e+06 4.13981e+06 8.80509e+06 1.87786e+06 -4.13981e+06 -7.14916e+06 -2.73993e+06 3.62853e+06 7.14916e+06 2.73993e+06 -3.62853e+06 -5.69775e+06 -3.33367e+06 3.09031e+06 5.69775e+06 3.33367e+06 -3.09031e+06 -4.46163e+06 -3.72715e+06 2.59922e+06 4.46163e+06 3.72715e+06 -2.59922e+06 -3.42194e+06 -3.98095e+06 2.18748e+06 3.42194e+06 3.98095e+06 -2.18748e+06 -2.54695e+06 -4.14082e+06 1.86431e+06 2.54695e+06 4.14082e+06 -1.86431e+06 -1.80123e+06 -4.23826e+06 1.62841e+06 1.80123e+06 4.23826e+06 -1.62841e+06 -1.14986e+06 -4.29353e+06 1.47502e+06 1.14986e+06 4.29353e+06 -1.47502e+06 -559852 -4.31845e+06 1.39963e+06 559852 4.31845e+06 -1.39963e+06 -1.43773e-08
0.58 -735766 4.64556e+06 1.08098e+07 735766 -4.64556e+06 -8.95161e+06 -1.97688e+06 4.27346e+06 8.95161e+06 1.97688e+06 -4.27346e+06 -7.24223e+06 -2.87668e+06 3.72885e+06 7.24223e+06 2.87668e+06 -3.72885e+06 -5.75069e+06 -3.49112e+06 3.15901e+06 5.75069e+06 3.49112e+06 -3.15901e+06 -4.48708e+06 -3.89467e+06 2.64209e+06 4.48708e+06 3.89467e+06 -2.64209e+06 -3.43024e+06 -4.15266e+06 2.21094e+06 3.43024e+06 4.15266e+06 -2.21094e+06 -2.54587e+06 -4.31379e+06 1.874e+06 2.54587e+06 4.31379e+06 -1.874e+06 -1.79627e+06 -4.41126e+06 1.62889e+06 1.79627e+06 4.41126e+06 -1.62889e+06 -1.14471e+06 -4.46621e+06 1.46991e+06 1.14471e+06 4.46621e+06 -1.46991e+06 -556752 -4.49089e+06 1.39188e+06 556752 4.49089e+06 -1.39188e+06 7.20029e-08
0.6 -774778 4.80379e+06 1.10151e+07 774778 -4.80379e+06 -9.0936e+06 -2.07708e+06 4.40631e+06 9.0936e+06 2.07708e+06 -4.40631e+06 -7.33108e+06 -3.01449e+06 3.82774e+06 7.33108e+06 3.01449e+06 -3.82774e+06 -5.79998e+06 -3.64924e+06 3.22599e+06 5.79998e+06 3.64924e+06 -3.22599e+06 -4.50958e+06 -4.06245e+06 2.68325e+06 4.50958e+06 4.06245e+06 -2.68325e+06 -3.43628e+06 -4.32429e+06 2.23286e+06 3.43628e+06 4.32429e+06 -2.23286e+06 -2.54314e+06 -4.48646e+06 1.88238e+06 2.54314e+06 4.48646e+06 -1.88238e+06 -1.79018e+06 -4.58384e+06 1.62828e+06 1.79018e+06 4.58384e+06 -1.62828e+06 -1.13887e+06 -4.6384e+06 1.46388e+06 1.13887e+06 4.6384e+06 -1.46388e+06 -553321 -4.6628e+06 1.3833e+06 553321 4.6628e+06 -1.3833e+06 -2.88128e-08
0.62 -814365 4.96191e+06 1.12161e+07 814365 -4.96191e+06 -9.23134e+06 -2.17842e+06 4.53839e+06 9.23134e+06 2.17842e+06 -4.53839e+06 -7.41599e+06 -3.15333e+06 3.92525e+06 7.41599e+06 3.15333e+06 -3.92525e+06 -5.84589e+06 -3.808e+06 3.29132e+06 5.84589e+06 3.808e+06 -3.29132e+06 -4.52936e+06 -4.23044e+06 2.72278e+06 4.52936e+06 4.23044e+06 -2.72278e+06 -3.44025e+06 -4.49583e+06 2.25333e+06 3.44025e+06 4.49583e+06 -2.25333e+06 -2.53892e+06 -4.65885e+06 1.88957e+06 2.53892e+06 4.65885e+06 -1.88957e+06 -1.78309e+06 -4.75601e+06 1.6267e+06 1.78309e+06 4.75601e+06 -1.6267e+06 -1.13241e+06 -4.81012e+06 1.45703e+06 1.13241e+06 4.81012e+06 -1.45703e+06 -549599 -4.83422e+06 1.374e+06 549599 4.83422e+06 -1.374e+06 -2.88128e-08
0.64 -854516 5.11991e+06 1.14131e+07 854516 -5.11991e+06 -9.36509e+06 -2.28085e+06 4.6697e+06 9.36509e+06 2.28085e+06 -4.6697e+06 -7.49721e+06 -3.29315e+06 4.0214e+06 7.49721e+06 3.29315e+06 -4.0214e+06 -5.88865e+06 -3.96733e+06 3.35504e+06 5.88865e+06 3.96733e+06 -3.35504e+06 -4.54663e+06 -4.39863e+06 2.76074e+06 4.54663e+06 4.39863e+06 -2.76074e+06 -3.44233e+06 -4.66726e+06 2.27245e+06 3.44233e+06 4.66726e+06 -2.27245e+06 -2.53335e+06 -4.83094e+06 1.89564e+06 2.53335e+06 4.83094e+06 -1.89564e+06 -1.7751e+06 -4.92778e+06 1.62423e+06 1.7751e+06 4.92778e+06 -1.62423e+06 -1.12541e+06 -4.98139e+06 1.44946e+06 1.12541e+06 4.98139e+06 -1.44946e+06 -545622 -5.00517e+06 1.36406e+06 545622 5.00517e+06 -1.36406e+06 0
0.66 -895220 5.2778e+06 1.16062e+07 895220 -5.2778e+06 -9.49507e+06 -2.38436e+06 4.80026e+06 9.49507e+06 2.38436e+06 -4.80026e+06 -7.57496e+06 -3.4339e+06 4.11624e+06 7.57496e+06 3.4339e+06 -4.11624e+06 -5.92847e+06 -4.12721e+06 3.41723e+06 5.92847e+06 4.12721e+06 -3.41723e+06 -4.56158e+06 -4.56698e+06 2.79723e+06 4.56158e+06 4.56698e+06 -2.79723e+06 -3.44269e+06 -4.83858e+06 2.29028e+06 3.44269e+06 4.83858e+06 -2.29028e+06 -2.52658e+06 -5.00274e+06 1.90068e+06 2.52658e+06 5.00274e+06 -1.90068e+06 -1.7663e+06 -5.09916e+06 1.62096e+06 1.7663e+06 5.09916e+06 -1.62096e+06 -1.11792e+06 -5.15222e+06 1.44125e+06 1.11792e+06 5.15222e+06 -1.44125e+06 -541421 -5.17568e+06 1.35355e+06 541421 5.17568e+06 -1.35355e+06 -7.20029e-08
0.68 -936465 5.43559e+06 1.17957e+07 936465 -5.43559e+06 -9.62149e+06 -2.4889e+06 4.93007e+06 9.62149e+06 2.4889e+06 -4.93007e+06 -7.64946e+06 -3.57553e+06 4.20978e+06 7.64946e+06 3.57553e+06 -4.20978e+06 -5.96555e+06 -4.28759e+06 3.47792e+06 5.96555e+06 4.28759e+06 -3.47792e+06 -4.57438e+06 -4.73546e+06 2.83229e+06 4.57438e+06 4.73546e+06 -2.83229e+06 -3.44147e+06 -5.00977e+06 2.30692e+06 3.44147e+06 5.00977e+06 -2.30692e+06 -2.5187e+06 -5.17426e+06 1.90477e+06 2.5187e+06 5.17426e+06 -1.90477e+06 -1.75679e+06 -5.27018e+06 1.61695e+06 1.75679e+06 5.27018e+06 -1.61695e+06 -1.11001e+06 -5.32265e+06 1.43247e+06 1.11001e+06 5.32265e+06 -1.43247e+06 -537025 -5.34575e+06 1.34256e+06 537025 5.34575e+06 -1.34256e+06 2.88128e-08
0.7 -978242 5.59326e+06 1.19819e+07 978242 -5.59326e+06 -9.74456e+06 -2.59445e+06 5.05915e+06 9.74456e+06 2.59445e+06 -5.05915e+06 -7.7209e+06 -3.71803e+06 4.30207e+06 7.7209e+06 3.71803e+06 -4.30207e+06 -6.00007e+06 -4.44845e+06 3.53717e+06 6.00007e+06 4.44845e+06 -3.53717e+06 -4.5852e+06 -4.90407e+06 2.866e+06 4.5852e+06 4.90407e+06 -2.866e+06 -3.4388e+06 -5.18083e+06 2.32242e+06 3.4388e+06 5.18083e+06 -2.32242e+06 -2.50983e+06 -5.34549e+06 1.90798e+06 2.50983e+06 5.34549e+06 -1.90798e+06 -1.74664e+06 -5.44083e+06 1.61229e+06 1.74664e+06 5.44083e+06 -1.61229e+06 -1.10173e+06 -5.49268e+06 1.42318e+06 1.10173e+06 5.49268e+06 -1.42318e+06 -532458 -5.51542e+06 1.33114e+06 532458 5.51542e+06 -1.33114e+06 -8.65012e-06
0.72 -1.02054e+06 5.75082e+06 1.21648e+07 1.02054e+06 -5.75082e+06 -9.86444e+06 -2.70098e+06 5.1875e+06 9.86444e+06 2.70098e+06 -5.1875e+06 -7.78944e+06 -3.86134e+06 4.39312e+06 7.78944e+06 3.86134e+06 -4.39312e+06 -6.03219e+06 -4.60975e+06 3.59502e+06 6.03219e+06 4.60975e+06 -3.59502e+06 -4.59418e+06 -5.07277e+06 2.89841e+06 4.59418e+06 5.07277e+06 -2.89841e+06 -3.43482e+06 -5.35175e+06 2.33686e+06 3.43482e+06 5.35175e+06 -2.33686e+06 -2.50007e+06 -5.51645e+06 1.91037e+06 2.50007e+06 5.51645e+06 -1.91037e+06 -1.73593e+06 -5.61114e+06 1.60702e+06 1.73593e+06 5.61114e+06 -1.60702e+06 -1.09312e+06 -5.66234e+06 1.41344e+06 1.09312e+06 5.66234e+06 -1.41344e+06 -527744 -5.6847e+06 1.31936e+06 527744 5.6847e+06 -1.31936e+06 -6.28969e-06
0.74 -1.06335e+06 5.90827e+06 1.23446e+07 1.06335e+06 -5.90827e+06 -9.9813e+06 -2.80847e+06 5.31514e+06 9.9813e+06 2.80847e+06 -5.31514e+06 -7.85525e+06 -4.00543e+06 4.48297e+06 7.85525e+06 4.00543e+06 -4.48297e+06 -6.06206e+06 -4.77146e+06 3.65152e+06 6.06206e+06 4.77146e+06 -3.65152e+06 -4.60145e+06 -5.24155e+06 2.92959e+06 4.60145e+06 5.24155e+06 -2.92959e+06 -3.42961e+06 -5.52253e+06 2.35028e+06 3.42961e+06 5.52253e+06 -2.35028e+06 -2.4895e+06 -5.68713e+06 1.912e+06 2.4895e+06 5.68713e+06 -1.912e+06 -1.7247e+06 -5.78112e+06 1.6012e+06 1.7247e+06 5.78112e+06 -1.6012e+06 -1.08422e+06 -5.83164e+06 1.4033e+06 1.08422e+06 5.83164e+06 -1.4033e+06 -522902 -5.85362e+06 1.30725e+06 522902 5.85362e+06 -1.30725e+06 -4.60574e-06
0.76 -1.10667e+06 6.06562e+06 1.25215e+07 1.10667e+06 -6.06562e+06 -1.00953e+07 -2.91689e+06 5.44207e+06 1.00953e+07 2.91689e+06 -5.44207e+06 -7.91847e+06 -4.15028e+06 4.57164e+06 7.91847e+06 4.15028e+06 -4.57164e+06 -6.08981e+06 -4.93356e+06 3.70671e+06 6.08981e+06 4.93356e+06 -3.70671e+06 -4.60713e+06 -5.4104e+06 2.95957e+06 4.60713e+06 5.4104e+06 -2.95957e+06 -3.4233e+06 -5.69316e+06 2.36275e+06 3.4233e+06 5.69316e+06 -2.36275e+06 -2.4782e+06 -5.85756e+06 1.91292e+06 2.4782e+06 5.85756e+06 -1.91292e+06 -1.71303e+06 -5.95078e+06 1.59489e+06 1.71303e+06 5.95078e+06 -1.59489e+06 -1.07508e+06 -6.0006e+06 1.39282e+06 1.07508e+06 6.0006e+06 -1.39282e+06 -517951 -6.02219e+06 1.29488e+06 517951 6.02219e+06 -1.29488e+06 -3.35352e-06
0.78 -1.15048e+06 6.22286e+06 1.26957e+07 1.15048e+06 -6.22286e+06 -1.02066e+07 -3.02621e+06 5.5683e+06 1.02066e+07 3.02621e+06 -5.5683e+06 -7.97925e+06 -4.29586e+06 4.65915e+06 7.97925e+06 4.29586e+06 -4.65915e+06 -6.11559e+06 -5.09603e+06 3.76063e+06 6.11559e+06 5.09603e+06 -3.76063e+06 -4.61133e+06 -5.5793e+06 2.98841e+06 4.61133e+06 5.5793e+06 -2.98841e+06 -3.41597e+06 -5.86364e+06 2.37431e+06 3.41597e+06 5.86364e+06 -2.37431e+06 -2.46624e+06 -6.02773e+06 1.91318e+06 2.46624e+06 6.02773e+06 -1.91318e+06 -1.70097e+06 -6.12013e+06 1.58812e+06 1.70097e+06 6.12013e+06 -1.58812e+06 -1.06572e+06 -6.16924e+06 1.38204e+06 1.06572e+06 6.16924e+06 -1.38204e+06 -512908 -6.19044e+06 1.28227e+06 512908 6.19044e+06 -1.28227e+06 -2.43238e-06
0.8 -1.19479e+06 6.38e+06 1.28672e+07 1.19479e+06 -6.38e+06 -1.03152e+07 -3.13643e+06 5.69385e+06 1.03152e+07 3.13643e+06 -5.69385e+06 -8.0377e+06 -4.44213e+06 4.74553e+06 8.0377e+06 4.44213e+06 -4.74553e+06 -6.13949e+06 -5.25884e+06 3.81331e+06 6.13949e+06 5.25884e+06 -3.81331e+06 -4.61416e+06 -5.74825e+06 3.01616e+06 4.61416e+06 5.74825e+06 -3.01616e+06 -3.4077e+06 -6.03398e+06 2.38502e+06 3.4077e+06 6.03398e+06 -2.38502e+06 -2.45369e+06 -6.19764e+06 1.91283e+06 2.45369e+06 6.19764e+06 -1.91283e+06 -1.68856e+06 -6.28919e+06 1.58095e+06 1.68856e+06 6.28919e+06 -1.58095e+06 -1.05618e+06 -6.33757e+06 1.37098e+06 1.05618e+06 6.33757e+06 -1.37098e+06 -507787 -6.35837e+06 1.26947e+06 507787 6.35837e+06 -1.26947e+06 -1.69832e-06
0.82 -1.23957e+06 6.53703e+06 1.30362e+07 1.23957e+06 -6.53703e+06 -1.04214e+07 -3.24751e+06 5.81871e+06 1.04214e+07 3.24751e+06 -5.81871e+06 -8.09395e+06 -4.58908e+06 4.8308e+06 8.09395e+06 4.58908e+06 -4.8308e+06 -6.16163e+06 -5.42196e+06 3.8648e+06 6.16163e+06 5.42196e+06 -3.8648e+06 -4.61571e+06 -5.91722e+06 3.04285e+06 4.61571e+06 5.91722e+06 -3.04285e+06 -3.39857e+06 -6.20416e+06 2.39491e+06 3.39857e+06 6.20416e+06 -2.39491e+06 -2.44061e+06 -6.36732e+06 1.91191e+06 2.44061e+06 6.36732e+06 -1.91191e+06 -1.67584e+06 -6.45797e+06 1.57341e+06 1.67584e+06 6.45797e+06 -1.57341e+06 -1.04648e+06 -6.50561e+06 1.3597e+06 1.04648e+06 6.50561e+06 -1.3597e+06 -502601 -6.52601e+06 1.2565e+06 502601 6.52601e+06 -1.2565e+06 -1.39617e-06
0.84 -1.28483e+06 6.69395e+06 1.32029e+07 1.28483e+06 -6.69395e+06 -1.05253e+07 -3.35943e+06 5.9429e+06 1.05253e+07 3.35943e+06 -5.9429e+06 -8.14811e+06 -4.73668e+06 4.91498e+06 8.14811e+06 4.73668e+06 -4.91498e+06 -6.18212e+06 -5.5854e+06 3.91512e+06 6.18212e+06 5.5854e+06 -3.91512e+06 -4.61607e+06 -6.08622e+06 3.06853e+06 4.61607e+06 6.08622e+06 -3.06853e+06 -3.38866e+06 -6.3742e+06 2.40403e+06 3.38866e+06 6.3742e+06 -2.40403e+06 -2.42705e+06 -6.53676e+06 1.91046e+06 2.42705e+06 6.53676e+06 -1.91046e+06 -1.66286e+06 -6.62649e+06 1.56553e+06 1.66286e+06 6.62649e+06 -1.56553e+06 -1.03665e+06 -6.67337e+06 1.34821e+06 1.03665e+06 6.67337e+06 -1.34821e+06 -497364 -6.69338e+06 1.24341e+06 497364 6.69338e+06 -1.24341e+06 -1.05065e-06
0.86 -1.33055e+06 6.85077e+06 1.33672e+07 1.33055e+06 -6.85077e+06 -1.06268e+07 -3.47218e+06 6.06642e+06 1.06268e+07 3.47218e+06 -6.06642e+06 -8.20027e+06 -4.88489e+06 4.9981e+06 8.20027e+06 4.88489e+06 -4.9981e+06 -6.20104e+06 -5.74911e+06 3.96431e+06 6.20104e+06 5.74911e+06 -3.96431e+06 -4.61531e+06 -6.25523e+06 3.09324e+06 4.61531e+06 6.25523e+06 -3.09324e+06 -3.37802e+06 -6.54408e+06 2.41241e+06 3.37802e+06 6.54408e+06 -2.41241e+06 -2.41305e+06 -6.70598e+06 1.90851e+06 2.41305e+06 6.70598e+06 -1.90851e+06 -1.64965e+06 -6.79474e+06 1.55735e+06 1.64965e+06 6.79474e+06 -1.55735e+06 -1.02671e+06 -6.84087e+06 1.33656e+06 1.02671e+06 6.84087e+06 -1.33656e+06 -492084 -6.86047e+06 1.23021e+06 492084 6.86047e+06 -1.23021e+06 -7.91566e-07
0.88 -1.37674e+06 7.00749e+06 1.35292e+07 1.37674e+06 -7.00749e+06 -1.07263e+07 -3.58574e+06 6.18928e+06 1.07263e+07 3.58574e+06 -6.18928e+06 -8.25054e+06 -5.03371e+06 5.08016e+06 8.25054e+06 5.03371e+06 -5.08016e+06 -6.21848e+06 -5.91309e+06 4.0124e+06 6.21848e+06 5.91309e+06 -4.0124e+06 -4.61352e+06 -6.42425e+06 3.117e+06 4.61352e+06 6.42425e+06 -3.117e+06 -3.36671e+06 -6.71382e+06 2.4201e+06 3.36671e+06 6.71382e+06 -2.4201e+06 -2.39868e+06 -6.87498e+06 1.9061e+06 2.39868e+06 6.87498e+06 -1.9061e+06 -1.63623e+06 -6.96275e+06 1.5489e+06 1.63623e+06 6.96275e+06 -1.5489e+06 -1.01668e+06 -7.00812e+06 1.32476e+06 1.01668e+06 7.00812e+06 -1.32476e+06 -486773 -7.02732e+06 1.21693e+06 486773 7.02732e+06 -1.21693e+06 -5.03729e-07
0.9 -1.42338e+06 7.1641e+06 1.36892e+07 1.42338e+06 -7.1641e+06 -1.08236e+07 -3.70008e+06 6.31149e+06 1.08236e+07 3.70008e+06 -6.31149e+06 -8.29899e+06 -5.18312e+06 5.16119e+06 8.29899e+06 5.18312e+06 -5.16119e+06 -6.23451e+06 -6.07733e+06 4.05942e+06 6.23451e+06 6.07733e+06 -4.05942e+06 -4.61075e+06 -6.59326e+06 3.13987e+06 4.61075e+06 6.59326e+06 -3.13987e+06 -3.3548e+06 -6.88341e+06 2.42712e+06 3.3548e+06 6.88341e+06 -2.42712e+06 -2.38395e+06 -7.04376e+06 1.90326e+06 2.38395e+06 7.04376e+06 -1.90326e+06 -1.62265e+06 -7.13053e+06 1.5402e+06 1.62265e+06 7.13053e+06 -1.5402e+06 -1.00657e+06 -7.17513e+06 1.31284e+06 1.00657e+06 7.17513e+06 -1.31284e+06 -481439 -7.19394e+06 1.2036e+06 481439 7.19394e+06 -1.2036e+06 -3.88594e-07
0.92 -1.47047e+06 7.32062e+06 1.38472e+07 1.47047e+06 -7.32062e+06 -1.09189e+07 -3.8152e+06 6.43306e+06 1.09189e+07 3.8152e+06 -6.43306e+06 -8.34572e+06 -5.33308e+06 5.24122e+06 8.34572e+06 5.33308e+06 -5.24122e+06 -6.24923e+06 -6.2418e+06 4.10539e+06 6.24923e+06 6.2418e+06 -4.10539e+06 -4.60707e+06 -6.76227e+06 3.16185e+06 4.60707e+06 6.76227e+06 -3.16185e+06 -3.34233e+06 -7.05286e+06 2.4335e+06 3.34233e+06 7.05286e+06 -2.4335e+06 -2.36893e+06 -7.21233e+06 1.90001e+06 2.36893e+06 7.21233e+06 -1.90001e+06 -1.60893e+06 -7.29808e+06 1.53127e+06 1.60893e+06 7.29808e+06 -1.53127e+06 -996418 -7.34191e+06 1.30082e+06 996418 7.34191e+06 -1.30082e+06 -476090 -7.36033e+06 1.19023e+06 476090 7.36033e+06 -1.19023e+06 -4.31784e-07
0.94 -1.518e+06 7.47703e+06 1.40032e+07 1.518e+06 -7.47703e+06 -1.10124e+07 -3.93108e+06 6.55398e+06 1.10124e+07 3.93108e+06 -6.55398e+06 -8.39079e+06 -5.48358e+06 5.32025e+06 8.39079e+06 5.48358e+06 -5.32025e+06 -6.26269e+06 -6.40649e+06 4.15035e+06 6.26269e+06 6.40649e+06 -4.15035e+06 -4.60255e+06 -6.93127e+06 3.183e+06 4.60255e+06 6.93127e+06 -3.183e+06 -3.32935e+06 -7.22217e+06 2.43929e+06 3.32935e+06 7.22217e+06 -2.43929e+06 -2.35363e+06 -7.38071e+06 1.89638e+06 2.35363e+06 7.38071e+06 -1.89638e+06 -1.59508e+06 -7.46542e+06 1.52215e+06 1.59508e+06 7.46542e+06 -1.52215e+06 -986221 -7.50848e+06 1.28872e+06 986221 7.50848e+06 -1.28872e+06 -470734 -7.52651e+06 1.17683e+06 470734 7.52651e+06 -1.17683e+06 -2.30328e-07
0.96 -1.56597e+06 7.63334e+06 1.41573e+07 1.56597e+06 -7.63334e+06 -1.1104e+07 -4.04769e+06 6.67427e+06 1.1104e+07 4.04769e+06 -6.67427e+06 -8.43428e+06 -5.63461e+06 5.3983e+06 8.43428e+06 5.63461e+06 -5.3983e+06 -6.27496e+06 -6.5714e+06 4.19431e+06 6.27496e+06 6.5714e+06 -4.19431e+06 -4.59723e+06 -7.10024e+06 3.20334e+06 4.59723e+06 7.10024e+06 -3.20334e+06 -3.3159e+06 -7.39133e+06 2.4445e+06 3.3159e+06 7.39133e+06 -2.4445e+06 -2.3381e+06 -7.5489e+06 1.8924e+06 2.3381e+06 7.5489e+06 -1.8924e+06 -1.58114e+06 -7.63255e+06 1.51285e+06 1.58114e+06 7.63255e+06 -1.51285e+06 -976000 -7.67485e+06 1.27656e+06 976000 7.67485e+06 -1.27656e+06 -465376 -7.69249e+06 1.16344e+06 465376 7.69249e+06 -1.16344e+06 -1.72702e-07
0.98 -1.61437e+06 7.78955e+06 1.43097e+07 1.61437e+06 -7.78955e+06 -1.11938e+07 -4.16503e+06 6.79394e+06 1.11938e+07 4.16503e+06 -6.79394e+06 -8.47626e+06 -5.78615e+06 5.4754e+06 8.47626e+06 5.78615e+06 -5.4754e+06 -6.2861e+06 -6.7365e+06 4.23731e+06 6.2861e+06 6.7365e+06 -4.23731e+06 -4.59117e+06 -7.2692e+06 3.22289e+06 4.59117e+06 7.2692e+06 -3.22289e+06 -3.30202e+06 -7.56035e+06 2.44916e+06 3.30202e+06 7.56035e+06 -2.44916e+06 -2.32235e+06 -7.7169e+06 1.88809e+06 2.32235e+06 7.7169e+06 -1.88809e+06 -1.56712e+06 -7.79949e+06 1.50339e+06 1.56712e+06 7.79949e+06 -1.50339e+06 -965764 -7.84102e+06 1.26435e+06 965764 7.84102e+06 -1.26435e+06 -460022 -7.85828e+06 1.15006e+06 460022 7.85828e+06 -1.15006e+06 -2.59082e-07
1 -1.6632e+06 7.94566e+06 1.44602e+07 1.6632e+06 -7.94566e+06 -1.1282e+07 -4.28308e+06 6.91298e+06 1.1282e+07 4.28308e+06 -6.91298e+06 -8.51679e+06 -5.93818e+06 5.55155e+06 8.51679e+06 5.93818e+06 -5.55155e+06 -6.29617e+06 -6.90179e+06 4.27937e+06 6.29617e+06 6.90179e+06 -4.27937e+06 -4.58442e+06 -7.43812e+06 3.24168e+06 4.58442e+06 7.43812e+06 -3.24168e+06 -3.28775e+06 -7.72924e+06 2.4533e+06 3.28775e+06 7.72924e+06 -2.4533e+06 -2.30643e+06 -7.88471e+06 1.88347e+06 2.30643e+06 7.88471e+06 -1.88347e+06 -1.55304e+06 -7.96623e+06 1.49378e+06 1.55304e+06 7.96623e+06 -1.49378e+06 -955526 -8.00701e+06 1.25212e+06 955526 8.00701e+06 -1.25212e+06 -454679 -8.02389e+06 1.1367e+06 454679 8.02389e+06 -1.1367e+06 0
