0.02 -0.26547
0.04 -0.52399
0.06 -0.769681
0.08 -0.998413
0.1 -1.20795
0.12 -1.39769
0.14 -1.56818
0.16 -1.72071
0.18 -1.8569
0.2 -1.97849
0.22 -2.08718
0.24 -2.18453
0.26 -2.27196
0.28 -2.35071
0.3 -2.42188
0.32 -2.48641
0.34 -2.54511
0.36 -2.59869
0.38 -2.64775
0.4 -2.69281
0.42 -2.73433
0.44 -2.7727
0.46 -2.80825
0.48 -2.84128
0.5 -2.87204
0.52 -2.90078
0.54 -2.92767
0.56 -2.9529
0.58 -2.97662
0.6 -2.99897
0.62 -3.02007
0.64 -3.04001
0.66 -3.05892
0.68 -3.07685
0.7 -3.0939
0.72 -3.11014
0.74 -3.12562
0.76 -3.1404
0.78 -3.15453
0.8 -3.16806
0.82 -3.18103
0.84 -3.19349
0.86 -3.20545
0.88 -3.21696
0.9 -3.22804
0.92 -3.23873
0.94 -3.24904
0.96 -3.259
0.98 -3.26863
1 -3.27794
