0.01 -0.00474329
0.02 -0.00948658
0.03 -0.0142299
0.04 -0.0189732
0.05 -0.0237164
0.06 -0.0284597
0.07 -0.033203
0.08 -0.0379463
0.09 -0.0426896
0.1 -0.0474329
0.11 -0.0521762
0.12 -0.0569195
0.13 -0.0616628
0.14 -0.066406
0.15 -0.0711493
0.16 -0.0758926
0.17 -0.0806359
0.18 -0.0853792
0.19 -0.0901225
0.2 -0.0948658
0.21 -0.0996091
0.22 -0.104352
0.23 -0.109096
0.24 -0.113839
0.25 -0.118582
0.26 -0.123326
0.27 -0.128069
0.28 -0.132812
0.29 -0.137555
0.3 -0.142299
0.31 -0.147042
0.32 -0.151785
0.33 -0.156529
0.34 -0.161272
0.35 -0.166015
0.36 -0.170758
0.37 -0.175502
0.38 -0.180245
0.39 -0.184988
0.4 -0.189732
0.41 -0.194475
0.42 -0.199218
0.43 -0.203961
0.44 -0.208705
0.45 -0.213448
0.46 -0.218191
0.47 -0.222935
0.48 -0.227678
0.49 -0.232421
0.5 -0.237164
0.51 -0.241908
0.52 -0.246651
0.53 -0.251394
0.54 -0.256138
0.55 -0.260881
0.56 -0.265624
0.57 -0.270367
0.58 -0.275111
0.59 -0.279854
0.6 -0.284597
0.61 -0.289341
0.62 -0.294084
0.63 -0.298827
0.64 -0.303571
0.65 -0.308314
0.66 -0.313057
0.67 -0.3178
0.68 -0.322544
0.69 -0.327287
0.7 -0.33203
0.71 -0.336774
0.72 -0.341517
0.73 -0.34626
0.74 -0.351003
0.75 -0.355747
0.76 -0.36049
0.77 -0.365233
0.78 -0.369977
0.79 -0.37472
0.8 -0.379463
0.81 -0.384206
0.82 -0.38895
0.83 -0.393693
0.84 -0.398436
0.85 -0.40318
0.86 -0.407923
0.87 -0.412666
0.88 -0.417409
0.89 -0.422153
0.9 -0.426896
0.91 -0.431639
0.92 -0.436383
0.93 -0.441126
0.94 -0.445869
0.95 -0.450612
0.96 -0.455356
0.97 -0.460099
0.98 -0.464842
0.99 -0.469586
1 -0.474329
