0.028528 219426 2852.8 -219426 -2852.8
0.0548896 433300 5488.96 -433300 -5488.96
0.0791404 641622 7914.04 -641622 -7914.04
0.101336 844391 10133.6 -844391 -10133.6
0.121532 1.04161e+06 12153.2 -1.04161e+06 -12153.2
0.139783 1.23327e+06 13978.3 -1.23327e+06 -13978.3
0.156146 1.41938e+06 15614.6 -1.41938e+06 -15614.6
0.170675 1.59993e+06 17067.5 -1.59993e+06 -17067.5
0.183426 1.77494e+06 18342.6 -1.77494e+06 -18342.6
0.194456 1.94439e+06 19445.6 -1.94439e+06 -19445.6
0.203818 2.10828e+06 20381.8 -2.10828e+06 -20381.8
0.21157 2.26662e+06 21157 -2.26662e+06 -21157
0.217766 2.4194e+06 21776.6 -2.4194e+06 -21776.6
0.222462 2.56664e+06 22246.2 -2.56664e+06 -22246.2
0.225713 2.70831e+06 22571.3 -2.70831e+06 -22571.3
0.227575 2.84443e+06 22757.5 -2.84443e+06 -22757.5
0.228104 2.975e+06 22810.4 -2.975e+06 -22810.4
0.227354 3.10001e+06 22735.4 -3.10001e+06 -22735.4
0.225383 3.21947e+06 22538.3 -3.21947e+06 -22538.3
0.222244 3.33337e+06 22224.4 -3.33337e+06 -22224.4
0.217995 3.44172e+06 21799.5 -3.44172e+06 -21799.5
0.212689 3.54451e+06 21268.9 -3.54451e+06 -21268.9
0.206384 3.64174e+06 20638.4 -3.64174e+06 -20638.4
0.199133 3.73342e+06 19913.3 -3.73342e+06 -19913.3
0.190994 3.81954e+06 19099.4 -3.81954e+06 -19099.4
0.182021 3.90011e+06 18202.1 -3.90011e+06 -18202.1
0.172271 3.97512e+06 17227.1 -3.97512e+06 -17227.1
0.161797 4.04458e+06 16179.7 -4.04458e+06 -16179.7
0.150657 4.10847e+06 15065.7 -4.10847e+06 -15065.7
0.138906 4.16682e+06 13890.6 -4.16682e+06 -13890.6
0.126599 4.2196e+06 12659.9 -4.2196e+06 -12659.9
0.113792 4.26683e+06 11379.2 -4.26683e+06 -11379.2
0.100541 4.30851e+06 10054.1 -4.30851e+06 -10054.1
0.0869002 4.34462e+06 8690.02 -4.34462e+06 -8690.02
0.0729262 4.37519e+06 7292.62 -4.37519e+06 -7292.62
0.0586744 4.40019e+06 5867.44 -4.40019e+06 -5867.44
0.0442003 4.41964e+06 4420.03 -4.41964e+06 -4420.03
0.0295595 4.43353e+06 2955.95 -4.43353e+06 -2955.95
0.0148075 4.44186e+06 1480.75 -4.44186e+06 -1480.75
-4.36557e-16 4.44464e+06 -4.36557e-11 -4.44464e+06 4.36557e-11
-0.0148075 4.44186e+06 -1480.75 -4.44186e+06 1480.75
-0.0295595 4.43353e+06 -2955.95 -4.43353e+06 2955.95
-0.0442003 4.41964e+06 -4420.03 -4.41964e+06 4420.03
-0.0586744 4.40019e+06 -5867.44 -4.40019e+06 5867.44
-0.0729262 4.37519e+06 -7292.62 -4.37519e+06 7292.62
-0.0869002 4.34462e+06 -8690.02 -4.34462e+06 8690.02
-0.100541 4.30851e+06 -10054.1 -4.30851e+06 10054.1
-0.113792 4.26683e+06 -11379.2 -4.26683e+06 11379.2
-0.126599 4.2196e+06 -12659.9 -4.2196e+06 12659.9
-0.138906 4.16682e+06 -13890.6 -4.16682e+06 13890.6
-0.150657 4.10847e+06 -15065.7 -4.10847e+06 15065.7
-0.161797 4.04458e+06 -16179.7 -4.04458e+06 16179.7
-0.172271 3.97512e+06 -17227.1 -3.97512e+06 17227.1
-0.182021 3.90011e+06 -18202.1 -3.90011e+06 18202.1
-0.190994 3.81954e+06 -19099.4 -3.81954e+06 19099.4
-0.199133 3.73342e+06 -19913.3 -3.73342e+06 19913.3
-0.206384 3.64174e+06 -20638.4 -3.64174e+06 20638.4
-0.212689 3.54451e+06 -21268.9 -3.54451e+06 21268.9
-0.217995 3.44172e+06 -21799.5 -3.44172e+06 21799.5
-0.222244 3.33337e+06 -22224.4 -3.33337e+06 22224.4
-0.225383 3.21947e+06 -22538.3 -3.21947e+06 22538.3
-0.227354 3.10001e+06 -22735.4 -3.10001e+06 22735.4
-0.228104 2.975e+06 -22810.4 -2.975e+06 22810.4
-0.227575 2.84443e+06 -22757.5 -2.84443e+06 22757.5
-0.225713 2.70831e+06 -22571.3 -2.70831e+06 22571.3
-0.222462 2.56664e+06 -22246.2 -2.56664e+06 22246.2
-0.217766 2.4194e+06 -21776.6 -2.4194e+06 21776.6
-0.21157 2.26662e+06 -21157 -2.26662e+06 21157
-0.203818 2.10828e+06 -20381.8 -2.10828e+06 20381.8
-0.194456 1.94439e+06 -19445.6 -1.94439e+06 19445.6
-0.183426 1.77494e+06 -18342.6 -1.77494e+06 18342.6
-0.170675 1.59993e+06 -17067.5 -1.59993e+06 17067.5
-0.156146 1.41938e+06 -15614.6 -1.41938e+06 15614.6
-0.139783 1.23327e+06 -13978.3 -1.23327e+06 13978.3
-0.121532 1.04161e+06 -12153.2 -1.04161e+06 12153.2
-0.101336 844391 -10133.6 -844391 10133.6
-0.0791404 641622 -7914.04 -641622 7914.04
-0.0548896 433300 -5488.96 -433300 5488.96
-0.028528 219426 -2852.8 -219426 2852.8
0 -0 -0 0 0
0.0307498 -224978 3074.98 224978 -3074.98
0.0637769 -455509 6377.69 455509 -6377.69
0.0991368 -691591 9913.68 691591 -9913.68
0.136885 -933224 13688.5 933224 -13688.5
0.177077 -1.18041e+06 17707.7 1.18041e+06 -17707.7
0.219768 -1.43314e+06 21976.8 1.43314e+06 -21976.8
0.265014 -1.69143e+06 26501.4 1.69143e+06 -26501.4
0.312871 -1.95527e+06 31287.1 1.95527e+06 -31287.1
0.363392 -2.22465e+06 36339.2 2.22465e+06 -36339.2
0.416635 -2.49959e+06 41663.5 2.49959e+06 -41663.5
0.472655 -2.78008e+06 47265.5 2.78008e+06 -47265.5
0.531507 -3.06611e+06 53150.7 3.06611e+06 -53150.7
0.593246 -3.3577e+06 59324.6 3.3577e+06 -59324.6
0.657928 -3.65483e+06 65792.8 3.65483e+06 -65792.8
0.725608 -3.95751e+06 72560.8 3.95751e+06 -72560.8
0.796343 -4.26574e+06 79634.3 4.26574e+06 -79634.3
0.870186 -4.57952e+06 87018.6 4.57952e+06 -87018.6
0.947194 -4.89884e+06 94719.4 4.89884e+06 -94719.4
1.02742 -5.22372e+06 102742 5.22372e+06 -102742
1.11093 -5.55414e+06 111093 5.55414e+06 -111093
