0.028528 -219445
0.0548896 -433335
0.0791404 -641671
0.101336 -844452
0.121532 -1.04168e+06
0.139783 -1.23335e+06
0.156146 -1.41946e+06
0.170675 -1.60003e+06
0.183426 -1.77503e+06
0.194456 -1.94448e+06
0.203818 -2.10838e+06
0.21157 -2.26672e+06
0.217766 -2.4195e+06
0.222462 -2.56673e+06
0.225713 -2.70841e+06
0.227575 -2.84453e+06
0.228104 -2.97509e+06
0.227354 -3.1001e+06
0.225383 -3.21955e+06
0.222244 -3.33344e+06
0.217995 -3.44179e+06
0.212689 -3.54457e+06
0.206384 -3.6418e+06
0.199133 -3.73347e+06
0.190994 -3.81959e+06
0.182021 -3.90015e+06
0.172271 -3.97516e+06
0.161797 -4.04461e+06
0.150657 -4.1085e+06
0.138906 -4.16684e+06
0.126599 -4.21962e+06
0.113792 -4.26685e+06
0.100541 -4.30852e+06
0.0869002 -4.34463e+06
0.0729262 -4.37519e+06
0.0586744 -4.40019e+06
0.0442003 -4.41964e+06
0.0295595 -4.43353e+06
0.0148075 -4.44186e+06
-4.36557e-16 -4.44464e+06
-0.0148075 -4.44186e+06
-0.0295595 -4.43353e+06
-0.0442003 -4.41964e+06
-0.0586744 -4.40019e+06
-0.0729262 -4.37519e+06
-0.0869002 -4.34463e+06
-0.100541 -4.30852e+06
-0.113792 -4.26685e+06
-0.126599 -4.21962e+06
-0.138906 -4.16684e+06
-0.150657 -4.1085e+06
-0.161797 -4.04461e+06
-0.172271 -3.97516e+06
-0.182021 -3.90015e+06
-0.190994 -3.81959e+06
-0.199133 -3.73347e+06
-0.206384 -3.6418e+06
-0.212689 -3.54457e+06
-0.217995 -3.44179e+06
-0.222244 -3.33344e+06
-0.225383 -3.21955e+06
-0.227354 -3.1001e+06
-0.228104 -2.97509e+06
-0.227575 -2.84453e+06
-0.225713 -2.70841e+06
-0.222462 -2.56673e+06
-0.217766 -2.4195e+06
-0.21157 -2.26672e+06
-0.203818 -2.10838e+06
-0.194456 -1.94448e+06
-0.183426 -1.77503e+06
-0.170675 -1.60003e+06
-0.156146 -1.41946e+06
-0.139783 -1.23335e+06
-0.121532 -1.04168e+06
-0.101336 -844452
-0.0791404 -641671
-0.0548896 -433335
-0.028528 -219445
0 0
0.0307498 224999
0.0637769 455553
0.0991368 691662
0.136885 933325
0.177077 1.18054e+06
0.219768 1.43331e+06
0.265014 1.69164e+06
0.312871 1.95552e+06
0.363392 2.22495e+06
0.416635 2.49994e+06
0.472655 2.78048e+06
0.531507 3.06657e+06
0.593246 3.35822e+06
0.657928 3.65542e+06
0.725608 3.95818e+06
0.796343 4.26648e+06
0.870186 4.58035e+06
0.947194 4.89976e+06
1.02742 5.22473e+06
1.11093 5.55525e+06
