0.028528 -0.001
0.0548896 -0.002
0.0791404 -0.003
0.101336 -0.004
0.121532 -0.005
0.139783 -0.006
0.156146 -0.007
0.170675 -0.008
0.183426 -0.009
0.194456 -0.01
0.203818 -0.011
0.21157 -0.012
0.217766 -0.013
0.222462 -0.014
0.225713 -0.015
0.227575 -0.016
0.228104 -0.017
0.227354 -0.018
0.225383 -0.019
0.222244 -0.02
0.217995 -0.021
0.212689 -0.022
0.206384 -0.023
0.199133 -0.024
0.190994 -0.025
0.182021 -0.026
0.172271 -0.027
0.161797 -0.028
0.150657 -0.029
0.138906 -0.03
0.126599 -0.031
0.113792 -0.032
0.100541 -0.033
0.0869002 -0.034
0.0729262 -0.035
0.0586744 -0.036
0.0442003 -0.037
0.0295595 -0.038
0.0148075 -0.039
-4.36557e-16 -0.04
-0.0148075 -0.041
-0.0295595 -0.042
-0.0442003 -0.043
-0.0586744 -0.044
-0.0729262 -0.045
-0.0869002 -0.046
-0.100541 -0.047
-0.113792 -0.048
-0.126599 -0.049
-0.138906 -0.05
-0.150657 -0.051
-0.161797 -0.052
-0.172271 -0.053
-0.182021 -0.054
-0.190994 -0.055
-0.199133 -0.056
-0.206384 -0.057
-0.212689 -0.058
-0.217995 -0.059
-0.222244 -0.06
-0.225383 -0.061
-0.227354 -0.062
-0.228104 -0.063
-0.227575 -0.064
-0.225713 -0.065
-0.222462 -0.066
-0.217766 -0.067
-0.21157 -0.068
-0.203818 -0.069
-0.194456 -0.07
-0.183426 -0.071
-0.170675 -0.072
-0.156146 -0.073
-0.139783 -0.074
-0.121532 -0.075
-0.101336 -0.076
-0.0791404 -0.077
-0.0548896 -0.078
-0.028528 -0.079
0 -0.08
0.0307498 -0.081
0.0637769 -0.082
0.0991368 -0.083
0.136885 -0.084
0.177077 -0.085
0.219768 -0.086
0.265014 -0.087
0.312871 -0.088
0.363392 -0.089
0.416635 -0.09
0.472655 -0.091
0.531507 -0.092
0.593246 -0.093
0.657928 -0.094
0.725608 -0.095
0.796343 -0.096
0.870186 -0.097
0.947194 -0.098
1.02742 -0.099
1.11093 -0.1
