0.02 -0.265466
0.04 -0.523966
0.06 -0.769607
0.08 -0.998255
0.1 -1.20768
0.12 -1.39727
0.14 -1.56761
0.16 -1.71997
0.18 -1.85599
0.2 -1.97741
0.22 -2.08593
0.24 -2.18312
0.26 -2.27039
0.28 -2.349
0.3 -2.42003
0.32 -2.48443
0.34 -2.54302
0.36 -2.59648
0.38 -2.64543
0.4 -2.69039
0.42 -2.73182
0.44 -2.77009
0.46 -2.80555
0.48 -2.8385
0.5 -2.86919
0.52 -2.89785
0.54 -2.92467
0.56 -2.94984
0.58 -2.97349
0.6 -2.99578
0.62 -3.01681
0.64 -3.0367
0.66 -3.05555
0.68 -3.07343
0.7 -3.09043
0.72 -3.10661
0.74 -3.12204
0.76 -3.13677
0.78 -3.15086
0.8 -3.16434
0.82 -3.17727
0.84 -3.18968
0.86 -3.2016
0.88 -3.21306
0.9 -3.22411
0.92 -3.23475
0.94 -3.24502
0.96 -3.25494
0.98 -3.26452
1 -3.2738
