0.0023024 -0.001
0.00460481 -0.002
0.00690721 -0.003
0.00920961 -0.004
0.011512 -0.005
0.0138144 -0.006
0.0161168 -0.007
0.0184192 -0.008
0.0207216 -0.009
0.023024 -0.01
0.0253264 -0.011
0.0276288 -0.012
0.0299312 -0.013
0.0322337 -0.014
0.0345361 -0.015
0.0368385 -0.016
0.0391409 -0.017
0.0414433 -0.018
0.0437457 -0.019
0.0460481 -0.02
0.0483505 -0.021
0.0506529 -0.022
0.0529553 -0.023
0.0552577 -0.024
0.0575601 -0.025
0.0598625 -0.026
0.0621649 -0.027
0.0644673 -0.028
0.0667697 -0.029
0.0690721 -0.03
0.0713745 -0.031
0.0736769 -0.032
0.0759793 -0.033
0.0782817 -0.034
0.0805841 -0.035
0.0828865 -0.036
0.0851889 -0.037
0.0874913 -0.038
0.0897937 -0.039
0.0920961 -0.04
0.0943986 -0.041
0.096701 -0.042
0.0990034 -0.043
0.101306 -0.044
0.103608 -0.045
0.105911 -0.046
0.108213 -0.047
0.110515 -0.048
0.112818 -0.049
0.11512 -0.05
0.117423 -0.051
0.119725 -0.052
0.122027 -0.053
0.12433 -0.054
0.126632 -0.055
0.128935 -0.056
0.131237 -0.057
0.133539 -0.058
0.135842 -0.059
0.138144 -0.06
0.140447 -0.061
0.142749 -0.062
0.145051 -0.063
0.147354 -0.064
0.149656 -0.065
0.151959 -0.066
0.154261 -0.067
0.156563 -0.068
0.158866 -0.069
0.161168 -0.07
0.163471 -0.071
0.165773 -0.072
0.168075 -0.073
0.170378 -0.074
0.17268 -0.075
0.174983 -0.076
0.177285 -0.077
0.179587 -0.078
0.18189 -0.079
0.184192 -0.08
0.186495 -0.081
0.188797 -0.082
0.1911 -0.083
0.193402 -0.084
0.195704 -0.085
0.198007 -0.086
0.200309 -0.087
0.202612 -0.088
0.204914 -0.089
0.207216 -0.09
0.209519 -0.091
0.211821 -0.092
0.214124 -0.093
0.216426 -0.094
0.218728 -0.095
0.221031 -0.096
0.223333 -0.097
0.225636 -0.098
0.227938 -0.099
0.23024 -0.1
0.232543 -0.101
0.234845 -0.102
0.237148 -0.103
0.23945 -0.104
0.241752 -0.105
0.244055 -0.106
0.246357 -0.107
0.24866 -0.108
0.250962 -0.109
0.253264 -0.11
0.255567 -0.111
0.257869 -0.112
0.260172 -0.113
0.262474 -0.114
0.264776 -0.115
0.267079 -0.116
0.269381 -0.117
0.271684 -0.118
0.273986 -0.119
0.276288 -0.12
0.278591 -0.121
0.280893 -0.122
0.283196 -0.123
0.285498 -0.124
0.2878 -0.125
0.290103 -0.126
0.292405 -0.127
0.294708 -0.128
0.29701 -0.129
0.299312 -0.13
0.301615 -0.131
0.303917 -0.132
0.30622 -0.133
0.308522 -0.134
0.310825 -0.135
0.313127 -0.136
0.315429 -0.137
0.317732 -0.138
0.320034 -0.139
0.322337 -0.14
0.324639 -0.141
0.326941 -0.142
0.329244 -0.143
0.331546 -0.144
0.333849 -0.145
0.336151 -0.146
0.338453 -0.147
0.340756 -0.148
0.343058 -0.149
0.345361 -0.15
0.347663 -0.151
0.349965 -0.152
0.352268 -0.153
0.35457 -0.154
0.356873 -0.155
0.359175 -0.156
0.361477 -0.157
0.36378 -0.158
0.366082 -0.159
0.368385 -0.16
0.370687 -0.161
0.372989 -0.162
0.375292 -0.163
0.377594 -0.164
0.379897 -0.165
0.382199 -0.166
0.384501 -0.167
0.386804 -0.168
0.389106 -0.169
0.391409 -0.17
0.393711 -0.171
0.396013 -0.172
0.398316 -0.173
0.400618 -0.174
0.402921 -0.175
0.405223 -0.176
0.407525 -0.177
0.409828 -0.178
0.41213 -0.179
0.414433 -0.18
0.416735 -0.181
0.419037 -0.182
0.42134 -0.183
0.423642 -0.184
0.425945 -0.185
0.428247 -0.186
0.430549 -0.187
0.432852 -0.188
0.435154 -0.189
0.437457 -0.19
0.439759 -0.191
0.442062 -0.192
0.444364 -0.193
0.446666 -0.194
0.448969 -0.195
0.451271 -0.196
0.453574 -0.197
0.455876 -0.198
0.458178 -0.199
0.460481 -0.2
0.462783 -0.201
0.465086 -0.202
0.467388 -0.203
0.46969 -0.204
0.471993 -0.205
0.474295 -0.206
0.476598 -0.207
0.4789 -0.208
0.481202 -0.209
0.483505 -0.21
0.485807 -0.211
0.48811 -0.212
0.490412 -0.213
0.492714 -0.214
0.495017 -0.215
0.497319 -0.216
0.499622 -0.217
0.501924 -0.218
0.504226 -0.219
0.506529 -0.22
0.508831 -0.221
0.511134 -0.222
0.513436 -0.223
0.515738 -0.224
0.518041 -0.225
0.520343 -0.226
0.522646 -0.227
0.524948 -0.228
0.52725 -0.229
0.529553 -0.23
0.531855 -0.231
0.534158 -0.232
0.53646 -0.233
0.538762 -0.234
0.541065 -0.235
0.543367 -0.236
0.54567 -0.237
0.547972 -0.238
0.550274 -0.239
0.552577 -0.24
0.554879 -0.241
0.557182 -0.242
0.559484 -0.243
0.561787 -0.244
0.564089 -0.245
0.566391 -0.246
0.568694 -0.247
0.570996 -0.248
0.573299 -0.249
0.575601 -0.25
0.577903 -0.251
0.580206 -0.252
0.582508 -0.253
0.584811 -0.254
0.587113 -0.255
0.589415 -0.256
0.591718 -0.257
0.59402 -0.258
0.596323 -0.259
0.598625 -0.26
0.600927 -0.261
0.60323 -0.262
0.605532 -0.263
0.607835 -0.264
0.610137 -0.265
0.612439 -0.266
0.614742 -0.267
0.617044 -0.268
0.619347 -0.269
0.621649 -0.27
0.623951 -0.271
0.626254 -0.272
0.628556 -0.273
0.630859 -0.274
0.633161 -0.275
0.635463 -0.276
0.637766 -0.277
0.640068 -0.278
0.642371 -0.279
0.644673 -0.28
0.646975 -0.281
0.649278 -0.282
0.65158 -0.283
0.653883 -0.284
0.656185 -0.285
0.658487 -0.286
0.66079 -0.287
0.663092 -0.288
0.665395 -0.289
0.667697 -0.29
0.669999 -0.291
0.672302 -0.292
0.674604 -0.293
0.676907 -0.294
0.679209 -0.295
0.681511 -0.296
0.683814 -0.297
0.686116 -0.298
0.688419 -0.299
0.690721 -0.3
0.693024 -0.301
0.695326 -0.302
0.697628 -0.303
0.699931 -0.304
0.702233 -0.305
0.704536 -0.306
0.706838 -0.307
0.70914 -0.308
0.711443 -0.309
0.713745 -0.31
0.716048 -0.311
0.71835 -0.312
0.720652 -0.313
0.722955 -0.314
0.725257 -0.315
0.72756 -0.316
0.729862 -0.317
0.732164 -0.318
0.734467 -0.319
0.736769 -0.32
0.739072 -0.321
0.741374 -0.322
0.743676 -0.323
0.745979 -0.324
0.748281 -0.325
0.750584 -0.326
0.752886 -0.327
0.755188 -0.328
0.757491 -0.329
0.759793 -0.33
0.762096 -0.331
0.764398 -0.332
0.7667 -0.333
0.769003 -0.334
0.771305 -0.335
0.773608 -0.336
0.77591 -0.337
0.778212 -0.338
0.780515 -0.339
0.782817 -0.34
0.78512 -0.341
0.787422 -0.342
0.789724 -0.343
0.792027 -0.344
0.794329 -0.345
0.796632 -0.346
0.798934 -0.347
0.801236 -0.348
0.803539 -0.349
0.805841 -0.35
0.808144 -0.351
0.810446 -0.352
0.812749 -0.353
0.815051 -0.354
0.817353 -0.355
0.819656 -0.356
0.821958 -0.357
0.824261 -0.358
0.826563 -0.359
0.828865 -0.36
0.831168 -0.361
0.83347 -0.362
0.835773 -0.363
0.838075 -0.364
0.840377 -0.365
0.84268 -0.366
0.844982 -0.367
0.847285 -0.368
0.849587 -0.369
0.851889 -0.37
0.854192 -0.371
0.856494 -0.372
0.858797 -0.373
0.861099 -0.374
0.863401 -0.375
0.865704 -0.376
0.868006 -0.377
0.870309 -0.378
0.872611 -0.379
0.874913 -0.38
0.877216 -0.381
0.879518 -0.382
0.881821 -0.383
0.884123 -0.384
0.886425 -0.385
0.888728 -0.386
0.89103 -0.387
0.893333 -0.388
0.895635 -0.389
0.897937 -0.39
0.90024 -0.391
0.902542 -0.392
0.904845 -0.393
0.907147 -0.394
0.909449 -0.395
0.911752 -0.396
0.914054 -0.397
0.916357 -0.398
0.918659 -0.399
0.920961 -0.4
0.923264 -0.401
0.925566 -0.402
0.927869 -0.403
0.930171 -0.404
0.932474 -0.405
0.934776 -0.406
0.937078 -0.407
0.939381 -0.408
0.941683 -0.409
0.943986 -0.41
0.946288 -0.411
0.94859 -0.412
0.950893 -0.413
0.953195 -0.414
0.955498 -0.415
0.9578 -0.416
0.960102 -0.417
0.962405 -0.418
0.964707 -0.419
0.96701 -0.42
0.969312 -0.421
0.971614 -0.422
0.973917 -0.423
0.976219 -0.424
0.978522 -0.425
0.980824 -0.426
0.983126 -0.427
0.985429 -0.428
0.987731 -0.429
0.990034 -0.43
0.992336 -0.431
0.994638 -0.432
0.996941 -0.433
0.999243 -0.434
1.00155 -0.435
1.00385 -0.436
1.00615 -0.437
1.00845 -0.438
1.01076 -0.439
1.01306 -0.44
1.01536 -0.441
1.01766 -0.442
1.01996 -0.443
1.02227 -0.444
1.02457 -0.445
1.02687 -0.446
1.02917 -0.447
1.03148 -0.448
1.03378 -0.449
1.03608 -0.45
1.03838 -0.451
1.04069 -0.452
1.04299 -0.453
1.04529 -0.454
1.04759 -0.455
1.0499 -0.456
1.0522 -0.457
1.0545 -0.458
1.0568 -0.459
1.05911 -0.46
1.06141 -0.461
1.06371 -0.462
1.06601 -0.463
1.06832 -0.464
1.07062 -0.465
1.07292 -0.466
1.07522 -0.467
1.07752 -0.468
1.07983 -0.469
1.08213 -0.47
1.08443 -0.471
1.08673 -0.472
1.08904 -0.473
1.09134 -0.474
1.09364 -0.475
1.09594 -0.476
1.09825 -0.477
1.10055 -0.478
1.10285 -0.479
1.10515 -0.48
1.10746 -0.481
1.10976 -0.482
1.11206 -0.483
1.11436 -0.484
1.11667 -0.485
1.11897 -0.486
1.12127 -0.487
1.12357 -0.488
1.12588 -0.489
1.12818 -0.49
1.13048 -0.491
1.13278 -0.492
1.13509 -0.493
1.13739 -0.494
1.13969 -0.495
1.14199 -0.496
1.14429 -0.497
1.1466 -0.498
1.1489 -0.499
1.1512 -0.5
