1.33617 1.72617e-22 -2.156e-05 -1.62766e-20
2.67234 -1.43005e-23 -4.312e-05 -1.17469e-20
4.00851 -3.57419e-22 -6.468e-05 -3.96736e-20
5.34468 1.8481e-22 -8.624e-05 -2.78063e-20
6.68086 7.70587e-22 -0.0001078 -4.76136e-20
8.01703 -4.19573e-22 -0.00012936 -1.80731e-20
9.3532 2.7612e-24 -0.00015092 -7.94626e-20
10.6894 -5.46482e-22 -0.00017248 -1.35857e-19
12.0255 5.47901e-22 -0.00019404 -5.5174e-20
13.3617 5.16736e-22 -0.0002156 -3.58158e-20
14.6979 1.24929e-21 -0.00023716 -2.12675e-19
16.0341 -5.3625e-22 -0.00025872 -1.21179e-20
17.3702 -1.52062e-22 -0.00028028 -1.04061e-19
18.7064 -1.0044e-21 -0.00030184 -1.454e-20
20.0426 1.91989e-21 -0.0003234 -2.24069e-19
21.3787 -1.38486e-21 -0.00034496 -3.35922e-19
22.7149 -7.47473e-22 -0.00036652 -3.94944e-19
24.0511 8.34854e-22 -0.00038808 -1.48236e-19
25.3873 1.44383e-21 -0.00040964 -5.84394e-20
26.7234 9.26806e-22 -0.0004312 -4.7293e-20
28.0596 2.92831e-22 -0.00045276 -6.66442e-19
29.3958 1.22841e-21 -0.00047432 -2.78328e-19
30.7319 1.58022e-22 -0.00049588 1.10148e-19
32.0681 -8.37026e-22 -0.00051744 -3.79337e-19
33.4043 7.84258e-22 -0.000539 -2.63475e-19
34.7405 4.32842e-22 -0.00056056 -6.71191e-19
36.0766 -7.98041e-22 -0.00058212 1.07779e-19
37.4128 -1.61616e-21 -0.00060368 -3.92856e-19
38.749 3.94082e-21 -0.00062524 -6.02092e-19
40.0851 1.48107e-21 -0.0006468 -8.65098e-19
41.4213 -2.44932e-22 -0.00066836 -3.10374e-19
42.7575 2.50723e-21 -0.00068992 -3.0456e-19
44.0936 -3.42323e-21 -0.00071148 -5.84428e-19
45.4298 7.98913e-22 -0.00073304 -1.98193e-19
46.766 -2.52743e-22 -0.0007546 -3.2676e-19
48.1022 8.09729e-23 -0.00077616 -4.15402e-19
49.4383 -3.5433e-21 -0.00079772 -7.36568e-19
50.7745 3.48932e-23 -0.00081928 -4.13008e-19
52.1107 -2.30888e-21 -0.00084084 -7.63953e-19
53.4468 3.25279e-21 -0.0008624 -6.42473e-19
54.783 9.46699e-22 -0.00088396 -7.3329e-19
56.1192 2.91691e-21 -0.00090552 -9.78111e-19
57.4554 -3.3704e-21 -0.00092708 -7.34951e-19
58.7915 2.17077e-21 -0.00094864 -5.97381e-19
60.1277 -5.11047e-21 -0.0009702 -7.42826e-19
61.4639 4.0849e-21 -0.00099176 -1.35555e-18
62.8 4.02998e-21 -0.00101332 -9.77345e-19
64.1362 -2.88556e-21 -0.00103488 -4.58369e-19
65.4724 -1.32116e-21 -0.00105644 -5.31759e-19
66.8086 3.47783e-21 -0.001078 4.59829e-19
68.1447 5.45246e-21 -0.00109956 -2.47224e-19
69.4809 1.87834e-21 -0.00112112 -1.00069e-18
70.8171 -1.80265e-21 -0.00114268 -3.36574e-19
72.1532 -6.03917e-21 -0.00116424 -1.14945e-18
73.4894 1.73904e-21 -0.0011858 -6.91845e-19
74.8256 6.59523e-21 -0.00120736 -8.71192e-19
76.1618 -1.60731e-21 -0.00122892 -1.24716e-18
77.4979 3.59459e-21 -0.00125048 -8.09326e-19
78.8341 1.67458e-21 -0.00127204 -1.16873e-18
80.1703 9.50964e-22 -0.0012936 -1.25098e-18
81.5064 -3.72477e-21 -0.00131516 -1.04435e-18
82.8426 -5.37521e-21 -0.00133672 -1.11923e-18
84.1788 4.41194e-21 -0.00135828 -1.41483e-18
85.515 -3.47175e-21 -0.00137984 -1.34735e-18
86.8511 3.39077e-21 -0.0014014 -1.55231e-18
88.1873 6.22144e-21 -0.00142296 -7.77857e-19
89.5235 -3.92554e-21 -0.00144452 -1.15344e-18
90.8596 -2.25634e-21 -0.00146608 -1.66644e-18
92.1958 -9.21273e-21 -0.00148764 -1.50566e-18
93.532 8.19321e-23 -0.0015092 -2.93828e-19
94.8682 4.39631e-21 -0.00153076 -1.02641e-18
96.2043 -7.14246e-21 -0.00155232 1.29189e-19
97.5405 -1.49239e-21 -0.00157388 -1.68138e-18
98.8767 2.02542e-21 -0.00159544 -1.59283e-18
100.213 7.66224e-21 -0.001617 -2.54224e-18
101.549 -1.427e-21 -0.00163856 -4.91368e-19
102.885 -3.81051e-21 -0.00166012 -1.07818e-18
104.221 -1.21987e-22 -0.00168168 -1.54333e-18
105.558 9.33479e-21 -0.00170324 -8.5343e-19
106.894 2.36811e-21 -0.0017248 -1.636e-19
108.23 9.2317e-21 -0.00174636 -7.28013e-19
109.566 -1.09237e-21 -0.00176792 -3.86638e-19
110.902 -1.53232e-22 -0.00178948 -2.73857e-19
112.238 -3.08036e-21 -0.00181104 -1.26773e-18
113.575 4.88028e-21 -0.0018326 5.24651e-19
114.911 -3.1417e-21 -0.00185416 -1.10078e-18
116.247 1.87249e-21 -0.00187572 -2.60052e-18
117.583 2.71617e-21 -0.00189728 -1.8809e-18
118.919 -1.0639e-21 -0.00191884 -4.36098e-20
120.255 -9.89584e-21 -0.0019404 -1.09086e-18
121.592 1.45612e-21 -0.00196196 4.92547e-19
122.928 -3.36709e-21 -0.00198352 -2.46031e-18
124.264 6.78569e-21 -0.00200508 -1.7653e-18
125.6 -1.51564e-21 -0.00202664 -4.59242e-19
126.936 -1.0442e-20 -0.0020482 3.85264e-19
128.272 9.70337e-21 -0.00206976 -2.48387e-18
129.609 2.60275e-21 -0.00209132 -2.90377e-19
130.945 -2.82355e-21 -0.00211288 -2.99033e-18
132.281 -9.73838e-21 -0.00213444 -1.51995e-18
133.617 -4.90483e-21 -0.002156 -5.67063e-19
134.953 8.35051e-22 -0.00217756 -2.99776e-18
136.289 -1.73078e-21 -0.00219912 4.4948e-19
137.626 -2.43257e-20 -0.00222068 -1.22688e-18
138.962 -3.57594e-21 -0.00224224 -2.35246e-18
140.298 -4.62845e-21 -0.0022638 -1.77854e-18
141.634 -9.86518e-21 -0.00228536 1.73472e-18
142.97 4.37161e-21 -0.00230692 -9.47119e-19
144.306 -1.17091e-20 -0.00232848 -5.06785e-21
145.643 7.86076e-21 -0.00235004 -2.73658e-18
146.979 -8.97292e-21 -0.0023716 -1.96882e-18
148.315 4.92213e-21 -0.00239316 -1.29257e-18
149.651 1.05235e-20 -0.00241472 -1.76823e-18
150.987 -9.4774e-21 -0.00243628 -2.43274e-19
152.324 8.45623e-21 -0.00245784 -8.00105e-19
153.66 -3.65558e-21 -0.0024794 -8.22221e-19
154.996 -6.03302e-21 -0.00250096 4.11676e-19
156.332 -1.16238e-20 -0.00252252 -3.62292e-19
157.668 -1.45268e-20 -0.00254408 -2.25627e-18
159.004 4.17476e-21 -0.00256564 -1.39458e-18
160.341 9.78891e-21 -0.0025872 -2.1362e-18
161.677 -1.0268e-20 -0.00260876 -1.69483e-18
163.013 8.90927e-21 -0.00263032 -1.60212e-18
164.349 5.33222e-21 -0.00265188 -1.56445e-18
165.685 2.46291e-20 -0.00267344 -4.36947e-19
167.021 -1.37379e-20 -0.002695 -1.64295e-19
168.358 5.67041e-21 -0.00271656 -1.2479e-18
169.694 2.23768e-20 -0.00273812 -1.83418e-18
171.03 9.52546e-21 -0.00275968 -6.40437e-19
172.366 -1.29259e-20 -0.00278124 -3.3338e-18
173.702 2.53937e-21 -0.0028028 -3.50868e-18
175.038 1.23369e-20 -0.00282436 -9.40589e-19
176.375 -9.63839e-22 -0.00284592 -2.84122e-18
177.711 3.67534e-21 -0.00286748 -1.29498e-18
179.047 3.41076e-21 -0.00288904 -1.13595e-18
180.383 -3.53555e-21 -0.0029106 -1.34003e-18
181.719 5.20237e-21 -0.00293216 3.59029e-19
183.055 -2.86532e-21 -0.00295372 -2.56209e-18
184.392 -4.29467e-21 -0.00297528 -2.20194e-18
185.728 -1.15656e-20 -0.00299684 9.08873e-19
187.064 6.71884e-23 -0.0030184 -8.75966e-19
188.4 1.00555e-20 -0.00303996 -2.16993e-19
189.736 -9.69842e-21 -0.00306152 -2.3256e-18
191.072 -7.12506e-21 -0.00308308 -3.49121e-18
192.409 1.30603e-20 -0.00310464 -1.30533e-18
193.745 -9.6533e-21 -0.0031262 7.83961e-20
195.081 -2.16376e-21 -0.00314776 -8.52198e-19
196.417 2.762e-21 -0.00316932 -4.04744e-19
197.753 9.2465e-21 -0.00319088 -2.75449e-18
199.09 -5.88249e-22 -0.00321244 2.96892e-19
200.426 -1.51223e-20 -0.003234 -1.37926e-18
201.762 -7.72438e-21 -0.00325556 -1.80298e-18
203.098 1.54156e-20 -0.00327712 -8.97358e-20
204.434 1.89646e-21 -0.00329868 7.81753e-19
205.77 2.47269e-22 -0.00332024 4.02887e-19
207.107 -7.80989e-21 -0.0033418 -1.15818e-18
208.443 -8.10025e-21 -0.00336336 -1.75226e-18
209.779 -5.892e-21 -0.00338492 -3.77765e-20
211.115 2.79462e-21 -0.00340648 7.07088e-19
212.451 1.72135e-20 -0.00342804 -3.55585e-18
213.787 -1.46541e-20 -0.0034496 -1.79576e-18
215.124 -2.13582e-21 -0.00347116 -1.17426e-18
216.46 1.06979e-20 -0.00349272 -5.25116e-19
217.796 -8.73636e-21 -0.00351428 -5.53319e-18
219.132 4.96432e-21 -0.00353584 -2.58354e-18
220.468 -1.38219e-20 -0.0035574 -6.76752e-19
221.804 -9.32779e-21 -0.00357896 2.33224e-18
223.141 7.75253e-21 -0.00360052 -1.51175e-18
224.477 -2.49943e-20 -0.00362208 -6.23733e-18
225.813 1.79848e-21 -0.00364364 -1.96074e-18
227.149 -6.7734e-21 -0.0036652 1.35931e-19
228.485 4.91063e-21 -0.00368676 -1.3498e-18
229.821 1.11638e-20 -0.00370832 -3.1319e-18
231.158 5.84902e-21 -0.00372988 -3.58072e-18
232.494 1.04867e-20 -0.00375144 -1.22953e-18
233.83 5.36168e-21 -0.003773 -7.61279e-18
235.166 -5.95803e-21 -0.00379456 -1.98072e-18
236.502 -8.80182e-22 -0.00381612 -4.03241e-18
237.838 -1.34023e-20 -0.00383768 -8.77381e-19
239.175 -4.44525e-21 -0.00385924 -8.8324e-19
240.511 -1.92986e-20 -0.0038808 -4.6824e-19
241.847 -1.19476e-20 -0.00390236 -2.47616e-19
243.183 3.86038e-21 -0.00392392 -4.04723e-18
244.519 -7.62407e-21 -0.00394548 6.04103e-19
245.855 9.62018e-21 -0.00396704 -3.62898e-18
247.192 -2.74959e-20 -0.0039886 -2.83088e-18
248.528 6.29601e-21 -0.00401016 -4.2634e-18
249.864 5.0397e-21 -0.00403172 -6.21695e-18
251.2 1.71354e-21 -0.00405328 -4.61136e-18
252.536 -9.00844e-21 -0.00407484 -5.57657e-18
253.873 1.52184e-20 -0.0040964 -1.38511e-18
255.209 -1.0078e-20 -0.00411796 -2.39456e-18
256.545 9.25844e-21 -0.00413952 -3.3107e-18
257.881 1.54343e-20 -0.00416108 -2.19449e-18
259.217 -1.35839e-20 -0.00418264 -5.0766e-18
260.553 -2.36946e-21 -0.0042042 -1.19984e-18
261.89 -1.44033e-21 -0.00422576 -3.97389e-18
263.226 -4.23314e-21 -0.00424732 -3.84558e-18
264.562 -2.75095e-20 -0.00426888 -3.2565e-18
265.898 1.25819e-20 -0.00429044 1.37313e-18
267.234 1.51209e-20 -0.004312 -1.56094e-18
268.57 -2.96175e-20 -0.00433356 -5.06143e-18
269.907 -1.1572e-20 -0.00435512 -6.56946e-18
271.243 -1.25302e-20 -0.00437668 7.55771e-19
272.579 -5.0275e-21 -0.00439824 -9.07805e-19
273.915 -9.17485e-21 -0.0044198 -2.49079e-18
275.251 -1.63681e-20 -0.00444136 4.2376e-19
276.587 4.41841e-21 -0.00446292 -2.57349e-18
277.924 1.33524e-21 -0.00448448 -7.58739e-19
279.26 -1.50266e-21 -0.00450604 -4.45721e-19
280.596 1.64687e-20 -0.0045276 -3.34203e-18
281.932 8.66078e-22 -0.00454916 -6.55982e-18
283.268 -1.32289e-20 -0.00457072 -1.51442e-18
284.604 2.31639e-20 -0.00459228 -2.5088e-18
285.941 -1.53684e-20 -0.00461384 -3.48177e-18
287.277 2.23893e-20 -0.0046354 -2.6731e-18
288.613 9.97475e-21 -0.00465696 -4.39204e-19
289.949 1.8919e-20 -0.00467852 -5.07596e-18
291.285 -3.64348e-21 -0.00470008 -4.1003e-18
292.621 7.21155e-21 -0.00472164 5.47121e-19
293.958 -8.64774e-21 -0.0047432 -1.67373e-18
295.294 -2.45214e-20 -0.00476476 -4.00702e-18
296.63 1.93765e-20 -0.00478632 -9.66959e-19
297.966 -5.64801e-21 -0.00480788 -4.7826e-18
299.302 -7.4711e-21 -0.00482944 -3.64398e-18
300.639 6.81018e-21 -0.004851 -5.26425e-18
301.975 7.35581e-21 -0.00487256 -2.75696e-18
303.311 1.07636e-20 -0.00489412 -1.02908e-18
304.647 -5.11853e-21 -0.00491568 -3.97047e-18
305.983 1.54995e-20 -0.00493724 -5.44339e-18
307.319 -1.50604e-20 -0.0049588 -5.4518e-18
308.656 8.06435e-21 -0.00498036 -4.88912e-18
309.992 4.03758e-21 -0.00500192 -7.89465e-18
311.328 -1.1162e-20 -0.00502348 -3.29272e-18
312.664 -3.38874e-20 -0.00504504 -7.83771e-19
314 -7.9663e-21 -0.0050666 -4.14424e-18
315.336 -7.96313e-22 -0.00508816 -2.01407e-18
316.673 -6.2486e-21 -0.00510972 -1.48814e-18
318.009 7.80117e-22 -0.00513128 2.93138e-18
319.345 5.97541e-21 -0.00515284 -2.9657e-18
320.681 4.63014e-21 -0.0051744 -6.02696e-18
322.017 -3.61182e-21 -0.00519596 -5.20491e-18
323.353 1.28989e-20 -0.00521752 -3.76118e-18
324.69 3.8277e-20 -0.00523908 -5.77906e-19
326.026 1.20913e-20 -0.00526064 -4.29273e-18
327.362 -1.07521e-20 -0.0052822 -2.12825e-18
328.698 -2.7157e-20 -0.00530376 -2.21359e-18
330.034 -8.72583e-21 -0.00532532 -3.30948e-18
331.37 -1.4457e-20 -0.00534688 -1.89039e-18
332.707 2.73421e-20 -0.00536844 -5.61793e-18
334.043 4.2156e-21 -0.00539 -3.69799e-18
335.379 2.36046e-21 -0.00541156 -2.49277e-18
336.715 -1.32514e-20 -0.00543312 -5.47374e-18
338.051 6.91112e-21 -0.00545468 -3.40073e-18
339.387 -1.15326e-20 -0.00547624 -7.10373e-18
340.724 -1.44002e-20 -0.0054978 -5.26158e-18
342.06 2.39862e-20 -0.00551936 -1.82027e-18
343.396 2.92108e-20 -0.00554092 -5.1273e-18
344.732 -5.34153e-21 -0.00556248 -4.60484e-18
346.068 -8.64166e-21 -0.00558404 3.15317e-19
347.405 -1.12982e-21 -0.0056056 -3.05116e-18
348.741 -3.30242e-20 -0.00562716 -4.40981e-18
350.077 -4.91203e-21 -0.00564872 1.65076e-18
351.413 -5.22454e-21 -0.00567028 -8.04266e-19
352.749 -7.86732e-21 -0.00569184 -3.14301e-18
354.085 -2.38234e-20 -0.0057134 -4.38783e-18
355.422 -4.46421e-22 -0.00573496 -7.55144e-18
356.758 -1.21488e-20 -0.00575652 1.88714e-18
358.094 -3.97586e-21 -0.00577808 -7.7642e-18
359.43 -1.75861e-21 -0.00579964 -6.35872e-18
360.766 1.15677e-22 -0.0058212 -2.10678e-18
362.102 -3.70683e-20 -0.00584276 -2.43411e-18
363.439 -1.08799e-20 -0.00586432 -4.14505e-18
364.775 4.08558e-20 -0.00588588 -2.62589e-18
366.111 2.2643e-20 -0.00590744 -7.33908e-18
367.447 -1.99928e-20 -0.005929 -3.89313e-18
368.783 3.18696e-21 -0.00595056 -3.14361e-18
370.119 2.04474e-20 -0.00597212 5.58946e-19
371.456 -2.57834e-21 -0.00599368 -7.58882e-18
372.792 -3.00704e-21 -0.00601524 -7.7882e-18
374.128 -1.15266e-20 -0.0060368 -3.59435e-18
375.464 1.19184e-21 -0.00605836 -5.49427e-18
376.8 -1.78968e-20 -0.00607992 -6.22268e-19
378.136 -2.89832e-21 -0.00610148 3.1252e-18
379.473 2.42566e-20 -0.00612304 -9.96149e-18
380.809 -5.55122e-21 -0.0061446 -4.39341e-18
382.145 -5.73359e-21 -0.00616616 -7.81363e-18
383.481 1.42265e-21 -0.00618772 -4.72793e-18
384.817 -1.24289e-20 -0.00620928 1.03554e-18
386.153 -3.38253e-20 -0.00623084 -8.732e-19
387.49 8.29669e-21 -0.0062524 -6.09372e-18
388.826 1.48567e-20 -0.00627396 3.98227e-18
390.162 -1.14735e-20 -0.00629552 -2.11132e-18
391.498 -1.94749e-20 -0.00631708 -2.87139e-18
392.834 1.51422e-21 -0.00633864 -6.66572e-18
394.17 -9.61182e-21 -0.0063602 -3.24586e-18
395.507 -3.63996e-20 -0.00638176 -1.36334e-18
396.843 -2.54387e-21 -0.00640332 -5.43508e-18
398.179 1.51462e-20 -0.00642488 -4.6982e-18
399.515 4.04656e-21 -0.00644644 -2.56952e-18
400.851 -9.49272e-21 -0.006468 -1.76818e-19
402.188 -1.99326e-20 -0.00648956 -5.56226e-18
403.524 -1.82992e-20 -0.00651112 2.25313e-18
404.86 2.86796e-20 -0.00653268 -4.03515e-18
406.196 -3.53413e-22 -0.00655424 -4.04993e-18
407.532 4.7417e-21 -0.0065758 -4.18815e-18
408.868 4.09104e-21 -0.00659736 -3.92106e-18
410.205 4.26722e-20 -0.00661892 -6.50108e-19
411.541 -1.22634e-20 -0.00664048 -2.98109e-18
412.877 -3.89266e-20 -0.00666204 -3.38181e-18
414.213 2.72869e-21 -0.0066836 -4.44121e-18
415.549 -8.31743e-21 -0.00670516 -6.67145e-18
416.885 1.76959e-20 -0.00672672 -5.96346e-18
418.222 -1.74279e-21 -0.00674828 -3.73538e-19
419.558 2.21152e-20 -0.00676984 -5.56456e-18
420.894 8.48803e-21 -0.0067914 -7.8908e-18
422.23 1.06138e-20 -0.00681296 -6.76361e-18
423.566 3.93378e-20 -0.00683452 -3.75426e-18
424.902 1.52395e-20 -0.00685608 -5.05014e-18
426.239 -4.01051e-20 -0.00687764 -4.81062e-18
427.575 -2.53458e-20 -0.0068992 -1.15862e-18
428.911 -4.28407e-21 -0.00692076 -6.80907e-18
430.247 5.20846e-22 -0.00694232 -6.18082e-18
431.583 2.0579e-20 -0.00696388 -5.88291e-19
432.919 -1.50561e-22 -0.00698544 -6.54932e-18
434.256 1.00326e-20 -0.007007 -4.08073e-18
435.592 2.81553e-20 -0.00702856 -7.62368e-18
436.928 -2.69964e-20 -0.00705012 -7.57051e-18
438.264 -3.31693e-20 -0.00707168 -4.38959e-18
439.6 6.60071e-21 -0.00709324 -1.07971e-17
440.936 3.22054e-21 -0.0071148 -6.90936e-18
442.273 5.01256e-21 -0.00713636 -2.46206e-18
443.609 1.25843e-20 -0.00715792 -2.03731e-18
444.945 3.37463e-20 -0.00717948 -8.5792e-18
446.281 1.45074e-21 -0.00720104 -4.99345e-18
447.617 -9.92132e-21 -0.0072226 1.74368e-18
448.954 -2.83177e-20 -0.00724416 -4.32047e-18
450.29 8.61302e-21 -0.00726572 -7.94977e-18
451.626 3.03789e-21 -0.00728728 -6.36268e-18
452.962 2.15509e-21 -0.00730884 -3.30884e-18
454.298 7.9035e-21 -0.0073304 -9.87484e-18
455.634 -3.5671e-21 -0.00735196 -5.69005e-18
456.971 -1.47788e-20 -0.00737352 -3.23035e-18
458.307 3.54514e-20 -0.00739508 -7.051e-18
459.643 1.8582e-20 -0.00741664 2.70711e-18
460.979 -3.10107e-20 -0.0074382 -5.21316e-18
462.315 -1.04877e-20 -0.00745976 -4.29965e-18
463.651 7.21303e-21 -0.00748132 -2.90178e-18
464.988 3.35197e-20 -0.00750288 -5.80401e-18
466.324 -2.15015e-22 -0.00752444 -1.13144e-17
467.66 -5.29179e-22 -0.007546 -1.13135e-17
468.996 -1.97866e-20 -0.00756756 -7.91142e-18
470.332 -7.00504e-21 -0.00758912 -4.45542e-18
471.668 -2.54536e-21 -0.00761068 -3.49066e-18
473.005 -2.44716e-21 -0.00763224 -3.23075e-18
474.341 -1.59491e-20 -0.0076538 -3.29346e-18
475.677 1.80087e-20 -0.00767536 -4.87848e-18
477.013 6.88959e-21 -0.00769692 -6.06175e-18
478.349 1.99016e-20 -0.00771848 -4.05953e-18
479.685 4.21515e-20 -0.00774004 2.70598e-18
481.022 3.51336e-21 -0.0077616 -5.02971e-18
482.358 1.43614e-20 -0.00778316 -1.1753e-17
483.694 -1.55688e-20 -0.00780472 -5.86812e-18
485.03 3.48522e-20 -0.00782628 -1.45846e-17
486.366 4.92604e-21 -0.00784784 -6.1071e-18
487.702 -6.54882e-22 -0.0078694 -6.65601e-18
489.039 2.01161e-20 -0.00789096 -6.80634e-18
490.375 -4.28794e-20 -0.00791252 -1.07917e-17
491.711 -2.22175e-20 -0.00793408 -9.34492e-18
493.047 8.17702e-22 -0.00795564 -6.62258e-18
494.383 2.86039e-21 -0.0079772 -6.42211e-18
495.72 -2.63894e-20 -0.00799876 -4.31516e-18
497.056 1.82055e-20 -0.00802032 -1.09601e-17
498.392 2.03872e-20 -0.00804188 -7.36639e-18
499.728 3.40763e-21 -0.00806344 8.93424e-19
501.064 -4.5802e-20 -0.008085 -7.85318e-18
502.4 1.1441e-20 -0.00810656 -6.01433e-18
503.737 4.00641e-20 -0.00812812 -9.99721e-18
505.073 -2.03533e-21 -0.00814968 -6.05882e-18
506.409 -1.0651e-20 -0.00817124 -7.31125e-18
507.745 -2.15653e-20 -0.0081928 -5.50677e-18
509.081 -2.33663e-21 -0.00821436 -1.21247e-17
510.417 1.46818e-20 -0.00823592 -8.04171e-18
511.754 -3.98201e-21 -0.00825748 -1.28395e-18
513.09 3.00275e-20 -0.00827904 -8.09064e-18
514.426 -1.79386e-20 -0.0083006 -7.77948e-19
515.762 -2.27787e-20 -0.00832216 -8.88837e-18
517.098 -3.40894e-20 -0.00834372 -5.101e-18
518.434 -2.40894e-20 -0.00836528 -3.57445e-18
519.771 9.61934e-21 -0.00838684 -3.8895e-18
521.107 4.89194e-20 -0.0084084 -5.32052e-18
522.443 1.14389e-20 -0.00842996 -8.65908e-19
523.779 1.71621e-20 -0.00845152 -9.86011e-18
525.115 -3.10681e-20 -0.00847308 -2.22211e-18
526.451 -2.35391e-20 -0.00849464 -1.58996e-18
527.788 -2.54479e-20 -0.0085162 -1.00956e-17
529.124 1.53621e-20 -0.00853776 -5.03737e-18
530.46 2.04608e-20 -0.00855932 -8.34588e-18
531.796 4.65847e-20 -0.00858088 -5.14986e-18
533.132 1.90486e-20 -0.00860244 1.04428e-18
534.468 1.15727e-20 -0.008624 -9.20714e-18
535.805 -3.34219e-20 -0.00864556 -4.4106e-18
537.141 -4.91115e-20 -0.00866712 -9.00142e-18
538.477 8.63138e-21 -0.00868868 -1.14185e-17
539.813 4.49958e-20 -0.00871024 -7.04947e-18
541.149 -2.42369e-20 -0.0087318 3.05165e-18
542.485 -7.64983e-20 -0.00875336 -5.51011e-18
543.822 2.51454e-20 -0.00877492 -5.9781e-18
545.158 2.23836e-20 -0.00879648 -5.44555e-18
546.494 -3.55865e-20 -0.00881804 -2.52564e-18
547.83 -1.98941e-20 -0.0088396 -7.32637e-18
549.166 2.44973e-20 -0.00886116 -6.99985e-18
550.503 8.67557e-20 -0.00888272 -7.18508e-18
551.839 -4.43054e-20 -0.00890428 -6.88666e-18
553.175 4.82929e-21 -0.00892584 1.04437e-18
554.511 -6.10194e-21 -0.0089474 -3.41891e-18
555.847 2.2812e-20 -0.00896896 -5.75608e-18
557.183 4.30844e-21 -0.00899052 -5.48707e-18
558.52 5.94377e-20 -0.00901208 -1.00973e-17
559.856 5.06313e-20 -0.00903364 -4.54851e-18
561.192 -1.23777e-20 -0.0090552 -2.27423e-18
562.528 -1.57042e-20 -0.00907676 -2.5323e-18
563.864 -2.10008e-22 -0.00909832 -5.32951e-18
565.2 -1.57738e-20 -0.00911988 -8.03623e-18
566.537 6.82414e-21 -0.00914144 -2.66267e-18
567.873 1.56729e-20 -0.009163 -1.2016e-17
569.209 3.0482e-20 -0.00918456 -4.72506e-18
570.545 -4.3404e-20 -0.00920612 -3.17395e-18
571.881 -1.666e-21 -0.00922768 -7.7569e-18
573.217 -1.72e-20 -0.00924924 -1.24347e-17
574.554 -5.50657e-21 -0.0092708 -1.57906e-18
575.89 3.50889e-22 -0.00929236 -6.49029e-18
577.226 -1.31904e-20 -0.00931392 -1.00193e-17
578.562 1.9874e-20 -0.00933548 1.98919e-18
579.898 -3.20509e-20 -0.00935704 -8.53916e-18
581.234 -6.40572e-21 -0.0093786 -4.733e-18
582.571 -9.58367e-21 -0.00940016 -1.99018e-19
583.907 -3.54529e-20 -0.00942172 -8.87399e-18
585.243 4.50273e-20 -0.00944328 -5.43715e-19
586.579 -2.3251e-20 -0.00946484 -3.17356e-18
587.915 1.08914e-20 -0.0094864 -6.10503e-18
589.251 -2.87675e-20 -0.00950796 -4.26218e-18
590.588 4.93617e-20 -0.00952952 -4.55184e-18
591.924 1.27188e-20 -0.00955108 -8.01335e-18
593.26 -1.92695e-20 -0.00957264 -5.80778e-18
594.596 -1.07269e-21 -0.0095942 -6.21408e-18
595.932 -3.0815e-20 -0.00961576 -5.12589e-18
597.269 1.09646e-20 -0.00963732 -1.06943e-18
598.605 1.97975e-20 -0.00965888 -1.11308e-17
599.941 3.64093e-20 -0.00968044 -1.94884e-18
601.277 -1.57882e-20 -0.009702 -5.15136e-18
602.613 5.29766e-21 -0.00972356 -1.04048e-17
603.949 6.79104e-21 -0.00974512 -4.94423e-18
605.286 -5.66073e-20 -0.00976668 -1.76208e-18
606.622 -1.80649e-20 -0.00978824 2.61862e-18
607.958 -1.3048e-20 -0.0098098 2.28906e-18
609.294 -6.30747e-20 -0.00983136 3.25036e-18
610.63 5.33157e-21 -0.00985292 -4.22804e-18
611.966 -1.63191e-20 -0.00987448 4.4867e-18
613.303 -2.88753e-20 -0.00989604 -7.68834e-18
614.639 -2.93581e-20 -0.0099176 -4.86196e-18
615.975 5.21264e-21 -0.00993916 -8.39102e-18
617.311 2.01594e-20 -0.00996072 -9.10721e-18
618.647 4.0936e-20 -0.00998228 -7.29779e-18
619.983 9.07763e-21 -0.0100038 -9.11625e-18
621.32 -1.41156e-21 -0.0100254 -3.98018e-18
622.656 1.36807e-20 -0.010047 -1.95895e-18
623.992 -3.07877e-21 -0.0100685 1.40978e-18
625.328 1.85952e-20 -0.0100901 -7.83007e-18
626.664 3.41179e-20 -0.0101116 -9.05519e-18
628 -1.96297e-20 -0.0101332 1.28654e-19
629.337 -8.20527e-21 -0.0101548 -7.65783e-18
630.673 -3.21628e-21 -0.0101763 -1.1949e-17
632.009 -2.22269e-20 -0.0101979 -9.40271e-18
633.345 -7.98262e-20 -0.0102194 -6.80056e-18
634.681 -7.52028e-20 -0.010241 -8.44116e-18
636.017 -3.85747e-20 -0.0102626 -1.01541e-17
637.354 -4.95136e-20 -0.0102841 -6.58234e-18
638.69 2.6534e-20 -0.0103057 -9.40654e-18
640.026 5.0387e-20 -0.0103272 -1.36283e-17
641.362 -2.07678e-20 -0.0103488 -1.05667e-17
642.698 -3.58251e-20 -0.0103704 2.70336e-18
644.035 -1.66473e-20 -0.0103919 -1.28109e-17
645.371 -3.53356e-20 -0.0104135 -9.07163e-18
646.707 2.92626e-20 -0.010435 -9.39927e-19
648.043 -1.24861e-20 -0.0104566 -5.72699e-18
649.379 3.9672e-20 -0.0104782 -6.3438e-18
650.715 -5.81664e-20 -0.0104997 -2.98877e-18
652.052 3.31212e-20 -0.0105213 7.59046e-19
653.388 -2.10657e-20 -0.0105428 -8.49074e-18
654.724 -2.22269e-22 -0.0105644 -1.12437e-17
656.06 -4.0059e-20 -0.010586 -8.73526e-18
657.396 5.60473e-20 -0.0106075 9.45459e-19
658.732 -9.53023e-21 -0.0106291 -4.64401e-18
660.069 -3.24145e-20 -0.0106506 -1.50255e-17
661.405 3.79653e-21 -0.0106722 -8.54412e-18
662.741 -1.69556e-21 -0.0106938 -8.88259e-18
664.077 6.39549e-20 -0.0107153 -1.13319e-17
665.413 -5.0316e-20 -0.0107369 -2.41955e-19
666.749 2.94572e-20 -0.0107584 -1.49853e-17
668.086 -8.15074e-21 -0.01078 -9.15741e-18
669.422 -3.5262e-20 -0.0108016 1.30896e-18
670.758 1.28179e-21 -0.0108231 -5.31979e-18
672.094 -4.83725e-20 -0.0108447 -6.18218e-18
673.43 6.38306e-20 -0.0108662 -4.87473e-18
674.766 -1.49892e-20 -0.0108878 -4.82291e-18
676.103 2.10267e-20 -0.0109094 -3.07082e-19
677.439 1.03277e-20 -0.0109309 -7.38306e-18
678.775 2.09678e-20 -0.0109525 -5.38674e-18
680.111 1.80728e-20 -0.010974 -1.15684e-18
681.447 -4.46144e-20 -0.0109956 -6.02528e-18
682.783 2.77157e-20 -0.0110172 -4.60323e-18
684.12 -7.97355e-20 -0.0110387 -4.23422e-18
685.456 -7.43517e-20 -0.0110603 -6.74472e-18
686.792 -1.6849e-20 -0.0110818 -1.27521e-17
688.128 -2.75277e-20 -0.0111034 -1.1221e-17
689.464 3.97298e-20 -0.011125 -5.74088e-18
690.8 2.97429e-20 -0.0111465 -1.07373e-17
692.137 2.41749e-20 -0.0111681 -1.45412e-17
693.473 -3.79437e-21 -0.0111896 2.04322e-19
694.809 -5.07757e-20 -0.0112112 -1.17992e-18
696.145 -1.43968e-20 -0.0112328 1.00262e-18
697.481 3.34709e-20 -0.0112543 -1.14617e-17
698.818 1.69726e-20 -0.0112759 -6.80384e-18
700.154 7.49129e-20 -0.0112974 -7.39058e-18
701.49 4.82338e-20 -0.011319 -1.14632e-17
702.826 1.6503e-20 -0.0113406 -1.00168e-17
704.162 -3.64251e-20 -0.0113621 -1.18423e-17
705.498 -6.90537e-22 -0.0113837 -4.58707e-18
706.835 3.48483e-20 -0.0114052 7.32498e-18
708.171 -4.29568e-20 -0.0114268 -1.17344e-19
709.507 1.98733e-20 -0.0114484 -9.84317e-18
710.843 6.6569e-20 -0.0114699 -2.97254e-18
712.179 -1.70256e-20 -0.0114915 -1.05884e-17
713.515 -4.38418e-20 -0.011513 -8.18488e-18
714.852 -1.76607e-20 -0.0115346 -8.82817e-18
716.188 3.88819e-20 -0.0115562 -1.61804e-18
717.524 -1.28842e-20 -0.0115777 -1.40191e-17
718.86 2.28258e-20 -0.0115993 -6.27437e-18
720.196 4.41459e-20 -0.0116208 -6.5437e-18
721.532 -9.82952e-20 -0.0116424 -3.53476e-18
722.869 -4.58875e-20 -0.011664 -6.61741e-18
724.205 -5.05357e-20 -0.0116855 -1.25325e-17
725.541 3.20239e-20 -0.0117071 -1.02301e-17
726.877 -4.64928e-20 -0.0117286 -4.40668e-18
728.213 2.61903e-20 -0.0117502 -3.94014e-18
729.549 3.65115e-20 -0.0117718 -1.11071e-17
730.886 1.05825e-20 -0.0117933 -9.54472e-18
732.222 2.03293e-20 -0.0118149 -1.13704e-17
733.558 -2.61467e-20 -0.0118364 -2.23406e-17
734.894 -2.68415e-20 -0.011858 -1.61853e-17
736.23 8.1825e-20 -0.0118796 -4.34195e-18
737.566 7.93131e-21 -0.0119011 -2.27696e-18
738.903 -3.99031e-20 -0.0119227 -5.1614e-18
740.239 1.33515e-20 -0.0119442 -7.37963e-18
741.575 1.27162e-20 -0.0119658 -5.89634e-18
742.911 -2.93651e-21 -0.0119874 -6.33739e-18
744.247 -3.88448e-21 -0.0120089 -2.30942e-18
745.584 1.682e-20 -0.0120305 -4.59823e-18
746.92 4.89108e-20 -0.012052 -9.54891e-18
748.256 -4.60608e-20 -0.0120736 -1.05412e-17
749.592 4.26756e-20 -0.0120952 -5.58029e-18
750.928 -4.18406e-20 -0.0121167 -2.42395e-18
752.264 4.26012e-20 -0.0121383 -1.54459e-17
753.601 -2.776e-20 -0.0121598 4.41854e-18
754.937 4.18583e-20 -0.0121814 -9.15224e-18
756.273 4.59764e-21 -0.012203 -4.92615e-18
757.609 9.82983e-21 -0.0122245 -1.30293e-17
758.945 3.08622e-20 -0.0122461 -1.60286e-17
760.281 -5.92615e-20 -0.0122676 -5.30059e-18
761.618 -2.69956e-20 -0.0122892 -1.41963e-17
762.954 5.55545e-20 -0.0123108 -8.94513e-18
764.29 1.96404e-20 -0.0123323 -1.87827e-17
765.626 -5.07763e-20 -0.0123539 -3.55439e-18
766.962 1.87286e-21 -0.0123754 -3.28687e-18
768.298 -8.88017e-21 -0.012397 -3.06419e-18
769.635 -6.1997e-20 -0.0124186 -3.26135e-18
770.971 2.68671e-20 -0.0124401 -1.9919e-18
772.307 3.77986e-20 -0.0124617 -7.71182e-18
773.643 1.53526e-20 -0.0124832 -6.10863e-18
774.979 -2.0477e-20 -0.0125048 -9.42374e-18
776.315 -4.67467e-20 -0.0125264 -1.67397e-17
777.652 -1.0539e-20 -0.0125479 -8.42391e-18
778.988 -6.94416e-21 -0.0125695 7.21363e-18
780.324 3.59437e-20 -0.012591 -9.43177e-18
781.66 -2.65192e-20 -0.0126126 -1.71102e-17
782.996 5.68905e-20 -0.0126342 -1.98371e-17
784.332 -3.29698e-20 -0.0126557 -1.36994e-17
785.669 6.05441e-20 -0.0126773 -9.63604e-18
787.005 -4.62242e-20 -0.0126988 3.85287e-18
788.341 2.87454e-20 -0.0127204 -7.89979e-18
789.677 2.0883e-21 -0.012742 -1.59951e-17
791.013 2.77033e-20 -0.0127635 -8.22231e-18
792.35 1.05176e-20 -0.0127851 4.21271e-18
793.686 -4.09478e-20 -0.0128066 -1.47505e-17
795.022 2.16281e-20 -0.0128282 -8.80807e-18
796.358 -3.7077e-20 -0.0128498 -6.60344e-18
797.694 1.07902e-20 -0.0128713 -1.39341e-17
799.03 5.69989e-20 -0.0128929 -1.03785e-17
800.367 -1.2164e-20 -0.0129144 1.18483e-19
801.703 -7.89209e-22 -0.012936 -1.23362e-17
803.039 -7.84222e-20 -0.0129576 -1.86505e-17
804.375 4.4762e-20 -0.0129791 3.1012e-18
805.711 -1.43271e-19 -0.0130007 -9.43606e-18
807.047 1.82792e-20 -0.0130222 -2.61791e-18
808.384 2.39409e-20 -0.0130438 -1.21275e-17
809.72 3.85659e-20 -0.0130654 -4.2314e-18
811.056 -2.89917e-20 -0.0130869 -9.49664e-18
812.392 7.24767e-21 -0.0131085 -1.24544e-17
813.728 9.06328e-20 -0.01313 -4.05583e-18
815.064 -6.12e-20 -0.0131516 -1.35625e-17
816.401 -9.65814e-21 -0.0131732 -4.27293e-18
817.737 1.55656e-20 -0.0131947 -2.54504e-18
819.073 6.95739e-20 -0.0132163 -1.67614e-17
820.409 2.05564e-20 -0.0132378 -2.73383e-18
821.745 -1.48827e-20 -0.0132594 -1.61668e-17
823.081 -4.19634e-20 -0.013281 -1.53054e-17
824.418 -9.59533e-22 -0.0133025 -7.77765e-18
825.754 -3.67367e-22 -0.0133241 -1.5098e-17
827.09 9.54656e-21 -0.0133456 -1.58076e-17
828.426 8.33451e-21 -0.0133672 -4.3753e-18
829.762 -1.8406e-21 -0.0133888 -8.72344e-18
831.098 8.41669e-21 -0.0134103 -9.80073e-18
832.435 2.63133e-21 -0.0134319 -4.38638e-18
833.771 4.93799e-20 -0.0134534 -7.20196e-18
835.107 -3.98525e-20 -0.013475 -9.39416e-18
836.443 -9.17239e-21 -0.0134966 -4.81653e-18
837.779 -3.00505e-20 -0.0135181 -3.49759e-18
839.115 -9.10399e-21 -0.0135397 -7.48707e-18
840.452 -2.52955e-20 -0.0135612 -1.04317e-17
841.788 -5.13618e-20 -0.0135828 -1.1095e-17
843.124 -1.41631e-20 -0.0136044 -1.91472e-17
844.46 6.05941e-21 -0.0136259 -9.27185e-18
845.796 -5.22958e-20 -0.0136475 -1.06995e-17
847.133 -5.77728e-20 -0.013669 -1.39855e-17
848.469 -1.22585e-20 -0.0136906 -1.45535e-18
849.805 -3.70967e-20 -0.0137122 -1.39299e-17
851.141 3.16117e-20 -0.0137337 -2.41375e-17
852.477 3.35981e-21 -0.0137553 -7.44237e-18
853.813 8.71052e-21 -0.0137768 -1.65785e-17
855.15 -2.52014e-21 -0.0137984 -1.5031e-17
856.486 -2.46439e-20 -0.01382 8.88948e-19
857.822 -1.13897e-19 -0.0138415 -6.04788e-18
859.158 -2.48841e-20 -0.0138631 -3.58625e-18
860.494 -4.07e-20 -0.0138846 -6.58599e-18
861.83 6.94088e-20 -0.0139062 -2.27705e-18
863.167 2.70412e-20 -0.0139278 -3.832e-18
864.503 8.09444e-22 -0.0139493 -1.08379e-17
865.839 -1.97601e-20 -0.0139709 -1.81412e-17
867.175 -3.17845e-20 -0.0139924 -4.97112e-18
868.511 1.60255e-20 -0.014014 -8.6221e-18
869.847 -1.11151e-20 -0.0140356 -5.52553e-18
871.184 6.24649e-20 -0.0140571 -1.10345e-17
872.52 9.69555e-21 -0.0140787 -8.48435e-18
873.856 5.63344e-20 -0.0141002 -3.92277e-18
875.192 -3.72651e-20 -0.0141218 -1.14433e-17
876.528 -1.76001e-20 -0.0141434 -9.25938e-18
877.864 -6.0989e-20 -0.0141649 5.58792e-18
879.201 -3.28862e-20 -0.0141865 -1.44219e-17
880.537 4.05134e-20 -0.014208 -1.36626e-17
881.873 -3.33505e-21 -0.0142296 -4.42394e-18
883.209 6.54092e-20 -0.0142512 -1.09969e-17
884.545 -3.34817e-21 -0.0142727 -1.61664e-19
885.881 3.35597e-20 -0.0142943 -1.78338e-17
887.218 -2.37845e-20 -0.0143158 -1.46453e-17
888.554 -1.8353e-20 -0.0143374 -1.72051e-17
889.89 -2.51529e-20 -0.014359 -9.49414e-18
891.226 -3.06941e-20 -0.0143805 -7.45859e-18
892.562 4.92643e-20 -0.0144021 -1.91059e-17
893.899 -1.46794e-20 -0.0144236 -9.24365e-18
895.235 -1.70602e-20 -0.0144452 7.06679e-18
896.571 -2.16403e-20 -0.0144668 -5.10899e-18
897.907 -2.50718e-20 -0.0144883 -1.6333e-17
899.243 -4.88838e-20 -0.0145099 4.07926e-18
900.579 4.29978e-20 -0.0145314 -2.28278e-17
901.916 -4.77967e-20 -0.014553 -6.45868e-18
903.252 9.40464e-21 -0.0145746 -1.25701e-17
904.588 9.46448e-21 -0.0145961 -1.42468e-17
905.924 -1.68205e-21 -0.0146177 -7.84755e-18
907.26 7.0661e-20 -0.0146392 1.48876e-18
908.596 -7.57985e-21 -0.0146608 -1.50305e-18
909.933 -1.86036e-22 -0.0146824 -2.03868e-17
911.269 -2.1443e-21 -0.0147039 -4.75894e-18
912.605 1.95861e-20 -0.0147255 -1.69139e-17
913.941 -2.77713e-20 -0.014747 -1.52221e-17
915.277 1.23155e-20 -0.0147686 -6.32771e-18
916.613 3.84942e-20 -0.0147902 -5.60351e-18
917.95 7.44235e-21 -0.0148117 -1.10928e-17
919.286 2.66705e-20 -0.0148333 -5.05498e-18
920.622 -4.17095e-20 -0.0148548 2.1601e-19
921.958 8.05856e-20 -0.0148764 -1.35592e-17
923.294 4.84788e-20 -0.014898 -1.20342e-17
924.63 -4.61874e-20 -0.0149195 -1.79164e-17
925.967 -2.00074e-20 -0.0149411 -1.51004e-17
927.303 -4.86233e-20 -0.0149626 8.35764e-18
928.639 3.17463e-20 -0.0149842 -6.77459e-18
929.975 -1.52775e-20 -0.0150058 -1.64446e-17
931.311 5.47091e-21 -0.0150273 -1.51861e-17
932.647 1.38797e-20 -0.0150489 -3.07402e-18
933.984 5.68803e-20 -0.0150704 -1.21655e-17
935.32 8.62432e-21 -0.015092 -5.48128e-18
936.656 -1.65265e-20 -0.0151136 -1.17642e-17
937.992 -1.27926e-20 -0.0151351 -8.08731e-18
939.328 8.08938e-21 -0.0151567 -1.3587e-17
940.665 -9.55978e-21 -0.0151782 7.92225e-19
942.001 7.25155e-21 -0.0151998 -3.79421e-18
943.337 4.48167e-20 -0.0152214 -1.12299e-17
944.673 -5.00624e-20 -0.0152429 -1.26848e-17
946.009 -4.6042e-20 -0.0152645 -8.11861e-18
947.345 1.90196e-21 -0.015286 -1.30274e-17
948.682 -5.05882e-20 -0.0153076 -1.79191e-17
950.018 -6.14984e-20 -0.0153292 -1.66225e-17
951.354 9.8659e-22 -0.0153507 -1.29919e-17
952.69 6.41353e-20 -0.0153723 -1.11755e-17
954.026 -5.82831e-20 -0.0153938 -5.047e-18
955.362 -1.40733e-20 -0.0154154 -2.81047e-17
956.699 -5.65614e-20 -0.015437 -2.18551e-17
958.035 -6.87534e-20 -0.0154585 -7.58203e-18
959.371 -3.18816e-20 -0.0154801 -1.45521e-17
960.707 5.73662e-20 -0.0155016 -1.40058e-17
962.043 -1.21625e-20 -0.0155232 1.16532e-18
963.379 -1.70409e-20 -0.0155448 -1.73065e-17
964.716 3.52671e-20 -0.0155663 -6.75148e-18
966.052 -8.68538e-20 -0.0155879 -3.26652e-18
967.388 6.09142e-20 -0.0156094 -1.65389e-17
968.724 3.47219e-20 -0.015631 -1.69817e-17
970.06 -6.02136e-20 -0.0156526 -8.86557e-18
971.396 1.74247e-20 -0.0156741 -9.59055e-18
972.733 1.32481e-20 -0.0156957 -1.56868e-17
974.069 7.99322e-20 -0.0157172 -9.24829e-18
975.405 -1.96924e-20 -0.0157388 -1.02173e-17
976.741 3.75084e-20 -0.0157604 -1.32216e-17
978.077 -5.18103e-20 -0.0157819 -1.58774e-17
979.413 -6.80289e-20 -0.0158035 -5.66032e-18
980.75 -7.84839e-20 -0.015825 -1.43701e-17
982.086 -5.25758e-20 -0.0158466 -1.04977e-17
983.422 1.39012e-20 -0.0158682 -5.00421e-18
984.758 -2.15146e-20 -0.0158897 -2.0373e-17
986.094 1.11037e-20 -0.0159113 -2.39613e-17
987.43 -2.59885e-23 -0.0159328 -1.91515e-17
988.767 -4.27903e-20 -0.0159544 -1.094e-17
990.103 3.60863e-20 -0.015976 -1.64066e-17
991.439 -2.98784e-20 -0.0159975 6.80923e-18
992.775 1.02821e-19 -0.0160191 -1.44189e-17
994.111 -2.77176e-20 -0.0160406 -2.06628e-17
995.448 4.10042e-20 -0.0160622 -3.10341e-17
996.784 -5.50771e-20 -0.0160838 -1.36438e-17
998.12 -1.25738e-20 -0.0161053 -1.79632e-17
999.456 -8.97919e-21 -0.0161269 -6.62464e-18
1000.79 -4.49265e-21 -0.0161484 2.03231e-19
1002.13 3.77177e-20 -0.01617 -5.5543e-18
1003.46 3.97417e-22 -0.0161916 -3.48037e-18
1004.8 1.07943e-20 -0.0162131 -5.97781e-18
1006.14 -1.05974e-20 -0.0162347 -6.87068e-18
1007.47 -5.86333e-20 -0.0162562 -1.13554e-18
1008.81 -1.04656e-20 -0.0162778 -1.26873e-17
1010.15 1.09929e-20 -0.0162994 -1.67477e-17
1011.48 -1.66836e-20 -0.0163209 -8.12917e-18
1012.82 -4.35967e-20 -0.0163425 -4.47922e-18
1014.15 3.05023e-20 -0.016364 -1.02576e-17
1015.49 3.14548e-20 -0.0163856 -2.17817e-17
1016.83 -1.14699e-20 -0.0164072 -1.24152e-17
1018.16 -3.25837e-20 -0.0164287 -1.49465e-17
1019.5 -2.26674e-20 -0.0164503 -8.6912e-18
1020.83 3.26555e-21 -0.0164718 -9.95712e-18
1022.17 4.57243e-20 -0.0164934 -1.70273e-17
1023.51 8.13194e-20 -0.016515 -9.58469e-18
1024.84 -1.34733e-20 -0.0165365 2.5429e-19
1026.18 3.36725e-20 -0.0165581 -8.57069e-18
1027.52 -8.14314e-20 -0.0165796 -1.4069e-17
1028.85 1.34197e-20 -0.0166012 -1.36171e-17
1030.19 -5.12128e-20 -0.0166228 -6.39107e-18
1031.52 -6.67107e-20 -0.0166443 -1.40352e-17
1032.86 1.09383e-20 -0.0166659 -6.50985e-18
1034.2 1.14622e-20 -0.0166874 -8.99647e-18
1035.53 4.95301e-20 -0.016709 -2.56357e-17
1036.87 1.01677e-20 -0.0167306 -4.91393e-18
1038.21 2.65948e-20 -0.0167521 -1.79501e-17
1039.54 1.26571e-19 -0.0167737 -2.23359e-17
1040.88 1.21646e-19 -0.0167952 -2.59432e-17
1042.21 3.1191e-20 -0.0168168 -2.0881e-17
1043.55 8.3189e-20 -0.0168384 -1.54006e-17
1044.89 4.15885e-21 -0.0168599 -1.0098e-17
1046.22 -6.80935e-21 -0.0168815 -8.74752e-18
1047.56 -2.67557e-20 -0.016903 -2.62563e-17
1048.89 -1.00235e-19 -0.0169246 -2.2476e-17
1050.23 -2.66259e-21 -0.0169462 -7.56191e-18
1051.57 -7.55219e-20 -0.0169677 -1.13464e-17
1052.9 -3.94648e-20 -0.0169893 -1.47572e-17
1054.24 4.87828e-20 -0.0170108 -3.21608e-18
1055.58 6.34299e-20 -0.0170324 6.08817e-18
1056.91 5.89675e-20 -0.017054 -1.04956e-17
1058.25 -4.05634e-20 -0.0170755 -1.02766e-17
1059.58 1.9023e-21 -0.0170971 -2.26441e-17
1060.92 2.732e-20 -0.0171186 -1.90039e-17
1062.26 1.26951e-19 -0.0171402 -1.49552e-17
1063.59 2.0903e-20 -0.0171618 -1.19173e-18
1064.93 2.22196e-20 -0.0171833 -2.31505e-17
1066.26 -2.60445e-20 -0.0172049 -8.57574e-18
1067.6 -6.33629e-20 -0.0172264 -6.50276e-18
1068.94 1.60018e-20 -0.017248 -2.21754e-17
1070.27 -5.80381e-20 -0.0172696 -2.10025e-17
1071.61 -2.17219e-20 -0.0172911 -7.989e-18
1072.95 -6.9847e-20 -0.0173127 1.78936e-18
1074.28 5.06455e-20 -0.0173342 -7.54933e-18
1075.62 1.07942e-19 -0.0173558 -7.91961e-18
1076.95 -4.90278e-20 -0.0173774 -1.09716e-17
1078.29 -3.91939e-20 -0.0173989 2.62076e-18
1079.63 4.12212e-21 -0.0174205 -2.18806e-17
1080.96 -6.47645e-20 -0.017442 -1.55485e-17
1082.3 3.95932e-20 -0.0174636 -1.80295e-17
1083.63 -1.07552e-21 -0.0174852 -2.57747e-17
1084.97 6.41692e-21 -0.0175067 -6.51341e-18
1086.31 -9.7374e-20 -0.0175283 -2.73886e-18
1087.64 1.75318e-20 -0.0175498 -6.12965e-18
1088.98 -6.53879e-20 -0.0175714 -1.36964e-17
1090.32 4.27022e-20 -0.017593 -1.80536e-18
1091.65 3.26382e-20 -0.0176145 -1.00353e-17
1092.99 9.92127e-22 -0.0176361 -1.68766e-17
1094.32 1.16226e-20 -0.0176576 -1.65614e-17
1095.66 -5.24332e-20 -0.0176792 -1.44305e-17
1097 2.08756e-20 -0.0177008 -9.41606e-18
1098.33 8.28301e-20 -0.0177223 -7.66349e-18
1099.67 -5.41982e-20 -0.0177439 1.10415e-19
1101.01 4.221e-21 -0.0177654 -1.71376e-17
1102.34 -2.2163e-20 -0.017787 -7.21626e-18
1103.68 -5.83044e-20 -0.0178086 -1.4895e-17
1105.01 -3.81441e-20 -0.0178301 -1.06947e-17
1106.35 -7.5135e-20 -0.0178517 -1.5137e-17
1107.69 4.48255e-20 -0.0178732 -1.41305e-17
1109.02 -3.87118e-20 -0.0178948 -1.98063e-17
1110.36 1.19917e-20 -0.0179164 -4.01985e-19
1111.69 -2.42618e-20 -0.0179379 -1.47694e-17
1113.03 2.70226e-21 -0.0179595 -1.46567e-17
1114.37 -5.60792e-20 -0.017981 -1.62622e-17
1115.7 6.34102e-20 -0.0180026 -4.8245e-18
1117.04 5.80273e-20 -0.0180242 -1.45754e-17
1118.38 -5.6875e-20 -0.0180457 -1.29858e-17
1119.71 -4.30005e-20 -0.0180673 -6.33883e-19
1121.05 4.21853e-20 -0.0180888 -7.50886e-18
1122.38 -4.75742e-20 -0.0181104 -1.13953e-17
1123.72 -7.94169e-20 -0.018132 -2.69577e-18
1125.06 2.15879e-20 -0.0181535 -1.84501e-17
1126.39 -4.1171e-22 -0.0181751 -9.56454e-18
1127.73 3.00798e-20 -0.0181966 -4.82202e-18
1129.06 1.07606e-20 -0.0182182 -2.07974e-17
1130.4 2.11025e-20 -0.0182398 -2.26856e-17
1131.74 -4.78431e-20 -0.0182613 -1.42322e-17
1133.07 -1.72807e-20 -0.0182829 -7.87774e-18
1134.41 1.39645e-19 -0.0183044 -9.66841e-18
1135.75 -5.39604e-20 -0.018326 -1.3195e-17
1137.08 3.92979e-20 -0.0183476 -5.64316e-18
1138.42 2.36263e-20 -0.0183691 -1.21256e-17
1139.75 1.80157e-20 -0.0183907 -2.06844e-17
1141.09 -4.0462e-21 -0.0184122 -1.5336e-17
1142.43 -3.0152e-20 -0.0184338 -1.59228e-17
1143.76 6.40146e-21 -0.0184554 -1.26904e-17
1145.1 -1.10325e-19 -0.0184769 -9.5059e-18
1146.43 -6.2751e-20 -0.0184985 -1.39188e-17
1147.77 1.52206e-19 -0.01852 -2.05972e-17
1149.11 5.1278e-20 -0.0185416 -1.23714e-17
1150.44 6.28631e-20 -0.0185632 -2.25099e-17
1151.78 -2.20439e-20 -0.0185847 -1.44159e-17
1153.12 -3.95924e-20 -0.0186063 -2.52741e-19
1154.45 -7.53999e-20 -0.0186278 -2.31857e-18
1155.79 -3.29228e-20 -0.0186494 -2.07967e-17
1157.12 4.92955e-20 -0.018671 -2.61136e-18
1158.46 1.28786e-20 -0.0186925 -7.17727e-18
1159.8 -4.5379e-20 -0.0187141 -1.23009e-17
1161.13 -4.02321e-20 -0.0187356 -4.73917e-18
1162.47 1.28933e-20 -0.0187572 -1.27595e-17
1163.81 6.97693e-21 -0.0187788 -1.66456e-17
1165.14 -2.50805e-20 -0.0188003 -9.14062e-18
1166.48 2.61074e-20 -0.0188219 -5.43224e-18
1167.81 4.33004e-20 -0.0188434 -2.35982e-17
1169.15 -2.08105e-20 -0.018865 -1.21323e-17
1170.49 1.46178e-20 -0.0188866 4.49173e-19
1171.82 4.24916e-20 -0.0189081 -1.3871e-17
1173.16 5.76866e-20 -0.0189297 -1.06422e-17
1174.49 -7.24421e-20 -0.0189512 -3.53703e-17
1175.83 6.6763e-20 -0.0189728 -3.24835e-18
1177.17 -3.57159e-20 -0.0189944 -3.02608e-17
1178.5 -7.95812e-20 -0.0190159 -7.49978e-18
1179.84 -6.9786e-20 -0.0190375 -9.22858e-18
1181.18 3.06794e-20 -0.019059 -1.44784e-17
1182.51 7.66392e-20 -0.0190806 -1.03595e-17
1183.85 8.43848e-21 -0.0191022 -9.93164e-18
1185.18 6.53043e-20 -0.0191237 -5.72339e-18
1186.52 -2.42711e-20 -0.0191453 -1.39265e-17
1187.86 -1.44878e-19 -0.0191668 -1.47991e-18
1189.19 -1.07001e-19 -0.0191884 -2.35923e-17
1190.53 -1.38371e-20 -0.01921 -5.70504e-18
1191.86 -3.51491e-20 -0.0192315 -6.4198e-18
1193.2 -1.02539e-19 -0.0192531 -2.53839e-17
1194.54 3.32182e-20 -0.0192746 -1.01364e-17
1195.87 1.107e-20 -0.0192962 -9.66317e-18
1197.21 1.13287e-20 -0.0193178 -2.11999e-17
1198.55 6.77972e-20 -0.0193393 -3.32498e-18
1199.88 -2.23784e-20 -0.0193609 -6.80105e-19
1201.22 -1.03605e-20 -0.0193824 -5.20187e-18
1202.55 -3.14443e-20 -0.019404 -1.77259e-17
1203.89 -5.581e-21 -0.0194256 -2.15568e-17
1205.23 -1.21955e-20 -0.0194471 -4.87954e-18
1206.56 -7.90675e-20 -0.0194687 -1.95422e-17
1207.9 -2.71332e-20 -0.0194902 -1.86773e-17
1209.23 -8.06584e-20 -0.0195118 -1.3418e-17
1210.57 -1.30714e-20 -0.0195334 -9.41693e-18
1211.91 -8.01025e-20 -0.0195549 -1.18374e-17
1213.24 1.02017e-19 -0.0195765 -5.77807e-18
1214.58 1.8358e-20 -0.019598 -8.92476e-18
1215.92 -7.15804e-20 -0.0196196 -3.8246e-18
1217.25 1.05647e-19 -0.0196412 -1.46708e-18
1218.59 4.46518e-20 -0.0196627 -1.6591e-17
1219.92 -4.62749e-21 -0.0196843 -1.14105e-17
1221.26 -8.50644e-21 -0.0197058 -2.42989e-17
1222.6 1.2877e-20 -0.0197274 -2.41544e-17
1223.93 7.49701e-20 -0.019749 -1.99364e-17
1225.27 -1.99648e-19 -0.0197705 -4.81698e-18
1226.61 -4.5582e-21 -0.0197921 -1.20496e-17
1227.94 -2.75155e-20 -0.0198136 -1.12208e-18
1229.28 -5.25345e-20 -0.0198352 -9.47345e-18
1230.61 -5.78011e-20 -0.0198568 -2.11007e-17
1231.95 6.19857e-20 -0.0198783 -1.43205e-17
1233.29 8.7519e-21 -0.0198999 -1.28878e-17
1234.62 5.0951e-20 -0.0199214 -1.87142e-17
1235.96 1.89178e-20 -0.019943 -1.64942e-17
1237.29 3.91612e-20 -0.0199646 -1.06749e-17
1238.63 1.91105e-20 -0.0199861 -1.44408e-17
1239.97 4.9932e-20 -0.0200077 -5.43048e-18
1241.3 1.395e-19 -0.0200292 -1.72088e-17
1242.64 9.82449e-20 -0.0200508 -1.8379e-17
1243.98 -4.4501e-20 -0.0200724 -1.80396e-17
1245.31 -7.68129e-20 -0.0200939 -2.46634e-18
1246.65 4.98304e-20 -0.0201155 -1.70335e-17
1247.98 6.06635e-20 -0.020137 -1.45061e-17
1249.32 -5.07142e-20 -0.0201586 -1.52015e-17
1250.66 -2.99462e-20 -0.0201802 -1.35679e-17
1251.99 -3.22981e-20 -0.0202017 3.1612e-19
1253.33 -8.82022e-20 -0.0202233 -9.96831e-18
1254.66 5.32452e-20 -0.0202448 -1.03944e-17
1256 2.07942e-20 -0.0202664 1.82227e-18
1257.34 5.29374e-20 -0.020288 -1.42652e-17
1258.67 1.84714e-19 -0.0203095 -1.7213e-17
1260.01 7.34151e-20 -0.0203311 -1.60287e-17
1261.35 -6.34323e-20 -0.0203526 -1.24286e-17
1262.68 -1.64029e-20 -0.0203742 -1.25534e-17
1264.02 -5.41391e-22 -0.0203958 -1.58639e-17
1265.35 -1.06326e-20 -0.0204173 -1.66879e-17
1266.69 -5.83907e-20 -0.0204389 -2.73887e-17
1268.03 5.68102e-20 -0.0204604 -2.36116e-17
1269.36 -6.9996e-20 -0.020482 -1.79795e-17
1270.7 1.14619e-19 -0.0205036 -1.88417e-17
1272.03 1.39548e-20 -0.0205251 -2.10148e-17
1273.37 3.98361e-20 -0.0205467 -2.46225e-17
1274.71 9.67298e-20 -0.0205682 -1.05103e-17
1276.04 -3.98658e-20 -0.0205898 -1.36351e-17
1277.38 6.97456e-20 -0.0206114 -1.02281e-17
1278.72 -1.82769e-19 -0.0206329 2.33317e-19
1280.05 1.69327e-20 -0.0206545 -5.56584e-18
1281.39 4.84444e-20 -0.020676 -1.34219e-17
1282.72 6.39031e-20 -0.0206976 -2.21713e-17
1284.06 -8.37298e-20 -0.0207192 -1.05736e-17
1285.4 -4.67205e-20 -0.0207407 -1.15328e-17
1286.73 -3.63816e-20 -0.0207623 -1.36884e-17
1288.07 -9.98307e-20 -0.0207838 -1.08213e-17
1289.41 5.8294e-20 -0.0208054 -1.85581e-17
1290.74 -8.89241e-20 -0.020827 -1.74547e-17
1292.08 1.62585e-20 -0.0208485 -1.94584e-17
1293.41 1.04179e-20 -0.0208701 -1.89701e-17
1294.75 -3.25562e-20 -0.0208916 -1.51655e-17
1296.09 4.12408e-20 -0.0209132 -1.26829e-17
1297.42 -1.27433e-20 -0.0209348 6.8208e-19
1298.76 4.6071e-20 -0.0209563 -2.06944e-17
1300.09 -1.74218e-20 -0.0209779 -2.04628e-17
1301.43 -7.29157e-21 -0.0209994 -1.95697e-17
1302.77 -6.92041e-21 -0.021021 -1.53185e-17
1304.1 -1.06572e-19 -0.0210426 -2.02814e-17
1305.44 -2.87292e-20 -0.0210641 -1.22671e-17
1306.78 -1.97121e-20 -0.0210857 -5.88852e-18
1308.11 -1.88892e-20 -0.0211072 -8.27216e-18
1309.45 -3.53287e-20 -0.0211288 -1.14733e-17
1310.78 8.97484e-22 -0.0211504 -7.24543e-18
1312.12 -1.83396e-20 -0.0211719 -2.62258e-17
1313.46 2.25726e-20 -0.0211935 -1.28352e-17
1314.79 9.79701e-21 -0.021215 -7.57866e-18
1316.13 2.07694e-20 -0.0212366 -1.19867e-17
1317.46 2.15151e-20 -0.0212582 -1.8956e-17
1318.8 1.05022e-19 -0.0212797 -2.18834e-17
1320.14 6.24987e-20 -0.0213013 -1.57653e-17
1321.47 -1.36477e-19 -0.0213228 -2.28234e-17
1322.81 -4.19726e-20 -0.0213444 -2.17389e-17
1324.15 2.04202e-20 -0.021366 -2.92302e-17
1325.48 2.58998e-20 -0.0213875 -1.73425e-17
1326.82 5.09696e-20 -0.0214091 -1.83968e-17
1328.15 5.47378e-20 -0.0214306 -5.22068e-18
1329.49 -2.90143e-20 -0.0214522 -6.88034e-18
1330.83 -8.14762e-20 -0.0214738 -1.95566e-17
1332.16 1.22182e-19 -0.0214953 9.54593e-19
1333.5 3.93276e-20 -0.0215169 -1.76677e-17
1334.84 4.77498e-20 -0.0215384 -1.12732e-17
1336.17 7.54268e-20 -0.02156 -1.44427e-17
