0.02 7.59863e-06 0.0295454 -0.0258433 1.89751e-05 0.0184475 -0.0147539 2.46461e-05 0.00737346 -0.00368673
0.04 3.01291e-05 0.0585998 -0.0512049 7.49879e-05 0.0364814 -0.0291527 9.71514e-05 0.0145493 -0.00727465
0.06 6.6849e-05 0.0867381 -0.0756682 0.000165501 0.0537444 -0.0428905 0.00021355 0.0213578 -0.0106789
0.08 0.000116677 0.113645 -0.0989247 0.000286854 0.0699737 -0.0557432 0.000368186 0.0276752 -0.0138376
0.1 0.000178358 0.139128 -0.120786 0.000434867 0.0850106 -0.0675771 0.000554697 0.0334291 -0.0167145
0.12 0.000250608 0.163103 -0.141172 0.000605355 0.0987894 -0.0783388 0.000766845 0.038592 -0.019296
0.14 0.000332214 0.185569 -0.160082 0.000794456 0.111315 -0.0880358 0.000999025 0.0431708 -0.0215854
0.16 0.000422084 0.206583 -0.177574 0.000998803 0.12264 -0.0967158 0.0012465 0.047194 -0.023597
0.18 0.000519268 0.226231 -0.193734 0.00121556 0.132843 -0.104449 0.00150541 0.0507032 -0.0253516
0.2 0.000622953 0.244617 -0.208666 0.00144239 0.142015 -0.111316 0.00177273 0.0537446 -0.0268723
0.22 0.000732448 0.261848 -0.222475 0.00167739 0.15025 -0.117399 0.00204609 0.0563657 -0.0281829
0.24 0.000847172 0.27803 -0.235265 0.00191904 0.157639 -0.122778 0.00232368 0.0586118 -0.0293059
0.26 0.000966633 0.29326 -0.247134 0.00216609 0.164268 -0.127527 0.00260414 0.0605247 -0.0302624
0.28 0.00109042 0.307629 -0.258171 0.00241757 0.170213 -0.131714 0.00288644 0.0621426 -0.0310713
0.3 0.00121817 0.321219 -0.268457 0.00267266 0.175546 -0.135398 0.0031698 0.0634995 -0.0317498
0.32 0.00134958 0.334103 -0.278064 0.00293072 0.180329 -0.138634 0.00345365 0.0646255 -0.0323127
0.34 0.0014844 0.346347 -0.287057 0.00319123 0.184618 -0.141469 0.00373756 0.0655471 -0.0327736
0.36 0.0016224 0.358008 -0.295493 0.00345376 0.188462 -0.143947 0.00402122 0.0662878 -0.0331439
0.38 0.00176337 0.369139 -0.303422 0.00371795 0.191904 -0.146103 0.00430441 0.0668682 -0.0334341
0.4 0.00190715 0.379785 -0.310891 0.00398351 0.194984 -0.147972 0.00458696 0.0673062 -0.0336531
0.42 0.00205359 0.389988 -0.317939 0.00425022 0.197736 -0.149581 0.00486876 0.0676178 -0.0338089
0.44 0.00220254 0.399783 -0.324603 0.00451786 0.20019 -0.150958 0.00514974 0.0678169 -0.0339085
0.46 0.00235389 0.409203 -0.330913 0.00478627 0.202373 -0.152124 0.00542986 0.067916 -0.033958
0.48 0.00250753 0.418277 -0.336899 0.00505532 0.20431 -0.153099 0.0057091 0.0679257 -0.0339629
0.5 0.00266335 0.427031 -0.342585 0.00532488 0.206021 -0.153902 0.00598744 0.0678559 -0.033928
0.52 0.00282126 0.435489 -0.347996 0.00559486 0.207526 -0.154549 0.00626489 0.067715 -0.0338575
0.54 0.0029812 0.443671 -0.353151 0.00586518 0.208843 -0.155054 0.00654147 0.0675107 -0.0337554
0.56 0.00314307 0.451597 -0.358069 0.00613576 0.209986 -0.15543 0.00681718 0.0672497 -0.0336249
0.58 0.00330681 0.459283 -0.362767 0.00640654 0.21097 -0.155688 0.00709207 0.066938 -0.033469
0.6 0.00347236 0.466745 -0.36726 0.00667748 0.211807 -0.155839 0.00736614 0.0665811 -0.0332906
0.62 0.00363965 0.473997 -0.371561 0.00694852 0.212509 -0.155892 0.00763944 0.0661838 -0.0330919
0.64 0.00380863 0.481052 -0.375684 0.00721963 0.213086 -0.155856 0.00791199 0.0657503 -0.0328752
0.66 0.00397926 0.487922 -0.37964 0.00749078 0.213547 -0.155737 0.00818382 0.0652847 -0.0326424
0.68 0.00415147 0.494617 -0.383439 0.00776195 0.213902 -0.155544 0.00845497 0.0647905 -0.0323952
0.7 0.00432523 0.501148 -0.38709 0.0080331 0.214157 -0.155281 0.00872546 0.0642707 -0.0321353
0.72 0.00450049 0.507523 -0.390603 0.00830421 0.214319 -0.154956 0.00899532 0.0637282 -0.0318641
0.74 0.00467721 0.513751 -0.393985 0.00857528 0.214396 -0.154572 0.00926459 0.0631657 -0.0315829
0.76 0.00485536 0.519838 -0.397245 0.00884627 0.214393 -0.154136 0.00953328 0.0625855 -0.0312928
0.78 0.00503489 0.525793 -0.400388 0.00911719 0.214316 -0.15365 0.00980143 0.0619897 -0.0309949
0.8 0.00521577 0.531622 -0.403421 0.00938802 0.21417 -0.15312 0.0100691 0.0613802 -0.0306901
0.82 0.00539797 0.537331 -0.40635 0.00965874 0.213959 -0.152549 0.0103362 0.0607589 -0.0303794
0.84 0.00558146 0.542925 -0.409181 0.00992936 0.213688 -0.151939 0.0106029 0.0601272 -0.0300636
0.86 0.00576621 0.54841 -0.411918 0.0101999 0.21336 -0.151295 0.0108691 0.0594866 -0.0297433
0.88 0.00595219 0.553791 -0.414566 0.0104702 0.21298 -0.150619 0.0111349 0.0588385 -0.0294192
0.9 0.00613937 0.559071 -0.417129 0.0107405 0.21255 -0.149913 0.0114003 0.0581841 -0.029092
0.92 0.00632772 0.564256 -0.419612 0.0110106 0.212074 -0.149181 0.0116653 0.0575244 -0.0287622
0.94 0.00651723 0.569349 -0.422018 0.0112806 0.211555 -0.148423 0.01193 0.0568605 -0.0284303
0.96 0.00670786 0.574354 -0.424351 0.0115504 0.210996 -0.147643 0.0121943 0.0561933 -0.0280967
0.98 0.00689959 0.579275 -0.426614 0.0118201 0.210398 -0.146842 0.0124583 0.0555237 -0.0277619
1 0.0070924 0.584114 -0.428811 0.0120897 0.209764 -0.146022 0.012722 0.0548524 -0.0274262
