0.02 4787.14 646531 -430558 11954.3 430558 -215077 15527 215077 -1.07684e-09
0.04 18981.3 1.28333e+06 -851931 47242.4 851931 -424389 61205.4 424389 -4.83589e-07
0.06 42114.9 1.90198e+06 -1.25618e+06 104265 1.25618e+06 -622984 134537 622984 -6.62688e-06
0.08 73506.4 2.4962e+06 -1.63743e+06 180718 1.63743e+06 -807258 231957 807258 -2.13897e-05
0.1 112365 3.06216e+06 -1.99213e+06 273966 1.99213e+06 -975093 349459 975093 -3.33037e-05
0.12 157883 3.59818e+06 -2.31874e+06 381374 2.31874e+06 -1.12569e+06 483112 1.12569e+06 -3.26907e-05
0.14 209295 4.10421e+06 -2.61734e+06 500507 2.61734e+06 -1.25925e+06 629386 1.25925e+06 -2.32733e-05
0.16 265913 4.58131e+06 -2.889e+06 629246 2.889e+06 -1.3766e+06 785293 1.3766e+06 -1.31264e-05
0.18 327139 5.03121e+06 -3.13543e+06 765802 3.13543e+06 -1.47896e+06 948409 1.47896e+06 -6.25232e-06
0.2 392460 5.45593e+06 -3.3586e+06 908704 3.3586e+06 -1.56768e+06 1.11682e+06 1.56768e+06 -2.6339e-06
0.22 461442 5.85756e+06 -3.56058e+06 1.05676e+06 3.56058e+06 -1.64413e+06 1.28903e+06 1.64413e+06 -1.01468e-06
0.24 533718 6.23817e+06 -3.74336e+06 1.20899e+06 3.74336e+06 -1.70965e+06 1.46392e+06 1.70965e+06 -3.71365e-07
0.26 608979 6.5997e+06 -3.9088e+06 1.36464e+06 3.9088e+06 -1.76545e+06 1.64061e+06 1.76545e+06 -1.31782e-07
0.28 686962 6.94392e+06 -4.05863e+06 1.52307e+06 4.05863e+06 -1.81264e+06 1.81846e+06 1.81264e+06 -4.74975e-08
0.3 767445 7.27244e+06 -4.1944e+06 1.68377e+06 4.1944e+06 -1.85222e+06 1.99698e+06 1.85222e+06 -1.5134e-08
0.32 850237 7.58671e+06 -4.3175e+06 1.84635e+06 4.3175e+06 -1.88506e+06 2.1758e+06 1.88506e+06 1.07102e-08
0.34 935172 7.88802e+06 -4.42915e+06 2.01048e+06 4.42915e+06 -1.91194e+06 2.35466e+06 1.91194e+06 4.19095e-09
0.36 1.02211e+06 8.17751e+06 -4.53047e+06 2.17587e+06 4.53047e+06 -1.93355e+06 2.53337e+06 1.93355e+06 1.72295e-08
0.38 1.11092e+06 8.45621e+06 -4.62242e+06 2.34231e+06 4.62242e+06 -1.95048e+06 2.71178e+06 1.95048e+06 -4.19095e-09
0.4 1.20151e+06 8.72502e+06 -4.70587e+06 2.50961e+06 4.70587e+06 -1.96325e+06 2.88978e+06 1.96325e+06 1.30385e-08
0.42 1.29376e+06 8.98476e+06 -4.78159e+06 2.67764e+06 4.78159e+06 -1.97234e+06 3.06732e+06 1.97234e+06 4.19095e-09
0.44 1.3876e+06 9.23613e+06 -4.85026e+06 2.84625e+06 4.85026e+06 -1.97815e+06 3.24434e+06 1.97815e+06 -1.30385e-08
0.46 1.48295e+06 9.47979e+06 -4.9125e+06 3.01535e+06 4.9125e+06 -1.98104e+06 3.42081e+06 1.98104e+06 8.61473e-09
0.48 1.57974e+06 9.7163e+06 -4.96884e+06 3.18485e+06 4.96884e+06 -1.98133e+06 3.59673e+06 1.98133e+06 -4.19095e-09
0.5 1.67791e+06 9.94619e+06 -5.01978e+06 3.35468e+06 5.01978e+06 -1.97929e+06 3.77209e+06 1.97929e+06 0
0.52 1.7774e+06 1.01699e+07 -5.06574e+06 3.52476e+06 5.06574e+06 -1.97518e+06 3.94688e+06 1.97518e+06 -4.19095e-09
0.54 1.87815e+06 1.03879e+07 -5.10712e+06 3.69506e+06 5.10712e+06 -1.96922e+06 4.12112e+06 1.96922e+06 8.61473e-09
0.56 1.98013e+06 1.06005e+07 -5.14428e+06 3.86553e+06 5.14428e+06 -1.96161e+06 4.29482e+06 1.96161e+06 8.61473e-09
0.58 2.08329e+06 1.08081e+07 -5.17752e+06 4.03612e+06 5.17752e+06 -1.95252e+06 4.468e+06 1.95252e+06 -4.42378e-09
0.6 2.18759e+06 1.10109e+07 -5.20715e+06 4.20681e+06 5.20715e+06 -1.9421e+06 4.64067e+06 1.9421e+06 0
0.62 2.29298e+06 1.12093e+07 -5.23342e+06 4.37757e+06 5.23342e+06 -1.93051e+06 4.81285e+06 1.93051e+06 -4.19095e-09
0.64 2.39944e+06 1.14035e+07 -5.25657e+06 4.54837e+06 5.25657e+06 -1.91787e+06 4.98455e+06 1.91787e+06 -1.30385e-08
0.66 2.50693e+06 1.15938e+07 -5.27682e+06 4.71919e+06 5.27682e+06 -1.90429e+06 5.15581e+06 1.90429e+06 -4.42378e-09
0.68 2.61543e+06 1.17803e+07 -5.29436e+06 4.89003e+06 5.29436e+06 -1.88987e+06 5.32663e+06 1.88987e+06 8.61473e-09
0.7 2.72489e+06 1.19633e+07 -5.30938e+06 5.06085e+06 5.30938e+06 -1.87471e+06 5.49704e+06 1.87471e+06 -4.42378e-09
0.72 2.83531e+06 1.21429e+07 -5.32203e+06 5.23165e+06 5.32203e+06 -1.85889e+06 5.66705e+06 1.85889e+06 -1.93878e-06
0.74 2.94664e+06 1.23193e+07 -5.33248e+06 5.40242e+06 5.33248e+06 -1.84248e+06 5.83669e+06 1.84248e+06 -1.41189e-06
0.76 3.05887e+06 1.24927e+07 -5.34086e+06 5.57315e+06 5.34086e+06 -1.82556e+06 6.00597e+06 1.82556e+06 -1.04494e-06
0.78 3.17198e+06 1.26632e+07 -5.34731e+06 5.74383e+06 5.34731e+06 -1.80818e+06 6.1749e+06 1.80818e+06 -7.77189e-07
0.8 3.28594e+06 1.28309e+07 -5.35193e+06 5.91445e+06 5.35193e+06 -1.7904e+06 6.34351e+06 1.7904e+06 -5.83008e-07
0.82 3.40072e+06 1.2996e+07 -5.35484e+06 6.08501e+06 5.35484e+06 -1.77228e+06 6.51181e+06 1.77228e+06 -4.18862e-07
0.84 3.51632e+06 1.31585e+07 -5.35614e+06 6.2555e+06 5.35614e+06 -1.75385e+06 6.67982e+06 1.75385e+06 -3.23867e-07
0.86 3.63271e+06 1.33186e+07 -5.35592e+06 6.42591e+06 5.35592e+06 -1.73516e+06 6.84754e+06 1.73516e+06 -2.46102e-07
0.88 3.74988e+06 1.34764e+07 -5.35428e+06 6.59625e+06 5.35428e+06 -1.71626e+06 7.015e+06 1.71626e+06 -1.77184e-07
0.9 3.8678e+06 1.36319e+07 -5.35129e+06 6.76651e+06 5.35129e+06 -1.69717e+06 7.1822e+06 1.69717e+06 -1.29454e-07
0.92 3.98647e+06 1.37853e+07 -5.34703e+06 6.93668e+06 5.34703e+06 -1.67793e+06 7.34917e+06 1.67793e+06 -1.0361e-07
0.94 4.10585e+06 1.39366e+07 -5.34157e+06 7.10677e+06 5.34157e+06 -1.65856e+06 7.5159e+06 1.65856e+06 -9.49949e-08
0.96 4.22595e+06 1.40859e+07 -5.33498e+06 7.27678e+06 5.33498e+06 -1.6391e+06 7.68242e+06 1.6391e+06 -5.61122e-08
0.98 4.34674e+06 1.42332e+07 -5.32731e+06 7.44669e+06 5.32731e+06 -1.61957e+06 7.84873e+06 1.61957e+06 -6.47269e-08
1 4.46821e+06 1.43787e+07 -5.31862e+06 7.61651e+06 5.31862e+06 -1.59999e+06 8.01484e+06 1.59999e+06 -3.46918e-08
