0.02 1.29046e-07 162050 646531 -1.29046e-07 -162050 -430558 -8.92505e-08 162050 430558 8.92505e-08 -162050 -215077 -3.14786e-08 162050 215077 3.14786e-08 -162050 -1.07684e-09
0.04 -3.39787e-09 324100 1.28333e+06 3.39787e-09 -324100 -851931 -6.40794e-08 324100 851931 6.40794e-08 -324100 -424389 3.75585e-07 324100 424389 -3.75585e-07 -324100 -4.83589e-07
0.06 -1.0111e-06 486150 1.90198e+06 1.0111e-06 -486150 -1.25618e+06 -1.96247e-06 486150 1.25618e+06 1.96247e-06 -486150 -622984 7.04814e-06 486150 622984 -7.04814e-06 -486150 -6.62688e-06
0.08 -4.32367e-06 648200 2.4962e+06 4.32367e-06 -648200 -1.63743e+06 -1.02978e-05 648200 1.63743e+06 1.02978e-05 -648200 -807258 2.58941e-05 648200 807258 -2.58941e-05 -648200 -2.13897e-05
0.1 -8.38249e-06 810250 3.06216e+06 8.38249e-06 -810250 -1.99213e+06 -2.20757e-05 810250 1.99213e+06 2.20757e-05 -810250 -975093 4.41682e-05 810250 975093 -4.41682e-05 -810250 -3.33037e-05
0.12 -9.8779e-06 972300 3.59818e+06 9.8779e-06 -972300 -2.31874e+06 -2.78638e-05 972300 2.31874e+06 2.78638e-05 -972300 -1.12569e+06 4.55933e-05 972300 1.12569e+06 -4.55933e-05 -972300 -3.26907e-05
0.14 -8.45402e-06 1.13435e+06 4.10421e+06 8.45402e-06 -1.13435e+06 -2.61734e+06 -2.46302e-05 1.13435e+06 2.61734e+06 2.46302e-05 -1.13435e+06 -1.25925e+06 3.31097e-05 1.13435e+06 1.25925e+06 -3.31097e-05 -1.13435e+06 -2.32733e-05
0.16 -5.47321e-06 1.2964e+06 4.58131e+06 5.47321e-06 -1.2964e+06 -2.889e+06 -1.6458e-05 1.2964e+06 2.889e+06 1.6458e-05 -1.2964e+06 -1.3766e+06 1.86477e-05 1.2964e+06 1.3766e+06 -1.86477e-05 -1.2964e+06 -1.31264e-05
0.18 -3.06393e-06 1.45845e+06 5.03121e+06 3.06393e-06 -1.45845e+06 -3.13543e+06 -8.92358e-06 1.45845e+06 3.13543e+06 8.92358e-06 -1.45845e+06 -1.47896e+06 8.97805e-06 1.45845e+06 1.47896e+06 -8.97805e-06 -1.45845e+06 -6.25232e-06
0.2 -1.38197e-06 1.6205e+06 5.45593e+06 1.38197e-06 -1.6205e+06 -3.3586e+06 -4.3161e-06 1.6205e+06 3.3586e+06 4.3161e-06 -1.6205e+06 -1.56768e+06 3.76964e-06 1.6205e+06 1.56768e+06 -3.76964e-06 -1.6205e+06 -2.6339e-06
0.22 -5.72763e-07 1.78255e+06 5.85756e+06 5.72763e-07 -1.78255e+06 -3.56058e+06 -1.79908e-06 1.78255e+06 3.56058e+06 1.79908e-06 -1.78255e+06 -1.64413e+06 1.35019e-06 1.78255e+06 1.64413e+06 -1.35019e-06 -1.78255e+06 -1.01468e-06
0.24 -2.27359e-07 1.9446e+06 6.23817e+06 2.27359e-07 -1.9446e+06 -3.74336e+06 -6.59726e-07 1.9446e+06 3.74336e+06 6.59726e-07 -1.9446e+06 -1.70965e+06 6.0385e-07 1.9446e+06 1.70965e+06 -6.0385e-07 -1.9446e+06 -3.71365e-07
0.26 -3.77186e-08 2.10665e+06 6.5997e+06 3.77186e-08 -2.10665e+06 -3.9088e+06 -2.49362e-07 2.10665e+06 3.9088e+06 2.49362e-07 -2.10665e+06 -1.76545e+06 1.8325e-07 2.10665e+06 1.76545e+06 -1.8325e-07 -2.10665e+06 -1.31782e-07
0.28 -1.15018e-07 2.2687e+06 6.94392e+06 1.15018e-07 -2.2687e+06 -4.05863e+06 -1.16415e-07 2.2687e+06 4.05863e+06 1.16415e-07 -2.2687e+06 -1.81264e+06 1.41163e-08 2.2687e+06 1.81264e+06 -1.41163e-08 -2.2687e+06 -4.74975e-08
0.3 -3.37604e-09 2.43075e+06 7.27244e+06 3.37604e-09 -2.43075e+06 -4.1944e+06 -3.3062e-08 2.43075e+06 4.1944e+06 3.3062e-08 -2.43075e+06 -1.85222e+06 1.40407e-07 2.43075e+06 1.85222e+06 -1.40407e-07 -2.43075e+06 -1.5134e-08
0.32 1.82539e-07 2.5928e+06 7.58671e+06 -1.82539e-07 -2.5928e+06 -4.3175e+06 6.77537e-08 2.5928e+06 4.3175e+06 -6.77537e-08 -2.5928e+06 -1.88506e+06 3.62928e-08 2.5928e+06 1.88506e+06 -3.62928e-08 -2.5928e+06 1.07102e-08
0.34 -2.93367e-08 2.75485e+06 7.88802e+06 2.93367e-08 -2.75485e+06 -4.42915e+06 3.2247e-08 2.75485e+06 4.42915e+06 -3.2247e-08 -2.75485e+06 -1.91194e+06 -5.9021e-08 2.75485e+06 1.91194e+06 5.9021e-08 -2.75485e+06 4.19095e-09
0.36 8.3819e-08 2.9169e+06 8.17751e+06 -8.3819e-08 -2.9169e+06 -4.53047e+06 6.07688e-08 2.9169e+06 4.53047e+06 -6.07688e-08 -2.9169e+06 -1.93355e+06 -1.16281e-08 2.9169e+06 1.93355e+06 1.16281e-08 -2.9169e+06 1.72295e-08
0.38 2.79397e-09 3.07895e+06 8.45621e+06 -2.79397e-09 -3.07895e+06 -4.62242e+06 4.47035e-08 3.07895e+06 4.62242e+06 -4.47035e-08 -3.07895e+06 -1.95048e+06 1.81953e-08 3.07895e+06 1.95048e+06 -1.81953e-08 -3.07895e+06 -4.19095e-09
0.4 5.05242e-08 3.241e+06 8.72502e+06 -5.05242e-08 -3.241e+06 -4.70587e+06 1.93249e-08 3.241e+06 4.70587e+06 -1.93249e-08 -3.241e+06 -1.96325e+06 -7.18701e-08 3.241e+06 1.96325e+06 7.18701e-08 -3.241e+06 1.30385e-08
0.42 -4.81959e-08 3.40305e+06 8.98476e+06 4.81959e-08 -3.40305e+06 -4.78159e+06 -1.0943e-08 3.40305e+06 4.78159e+06 1.0943e-08 -3.40305e+06 -1.97234e+06 -1.34753e-08 3.40305e+06 1.97234e+06 1.34753e-08 -3.40305e+06 4.19095e-09
0.44 5.3551e-09 3.5651e+06 9.23613e+06 -5.3551e-09 -3.5651e+06 -4.85026e+06 -5.96046e-08 3.5651e+06 4.85026e+06 5.96046e-08 -3.5651e+06 -1.97815e+06 1.16243e-08 3.5651e+06 1.97815e+06 -1.16243e-08 -3.5651e+06 -1.30385e-08
0.46 2.8871e-08 3.72715e+06 9.47979e+06 -2.8871e-08 -3.72715e+06 -4.9125e+06 7.45058e-09 3.72715e+06 4.9125e+06 -7.45058e-09 -3.72715e+06 -1.98104e+06 -3.13469e-08 3.72715e+06 1.98104e+06 3.13469e-08 -3.72715e+06 8.61473e-09
0.48 -8.33534e-08 3.8892e+06 9.7163e+06 8.33534e-08 -3.8892e+06 -4.96884e+06 -1.02445e-07 3.8892e+06 4.96884e+06 1.02445e-07 -3.8892e+06 -1.98133e+06 -1.15092e-08 3.8892e+06 1.98133e+06 1.15092e-08 -3.8892e+06 -4.19095e-09
0.5 -1.55997e-08 4.05125e+06 9.94619e+06 1.55997e-08 -4.05125e+06 -5.01978e+06 -3.58559e-08 4.05125e+06 5.01978e+06 3.58559e-08 -4.05125e+06 -1.97929e+06 8.07922e-08 4.05125e+06 1.97929e+06 -8.07922e-08 -4.05125e+06 0
0.52 -2.56114e-09 4.2133e+06 1.01699e+07 2.56114e-09 -4.2133e+06 -5.06574e+06 -7.05477e-08 4.2133e+06 5.06574e+06 7.05477e-08 -4.2133e+06 -1.97518e+06 1.2669e-08 4.2133e+06 1.97518e+06 -1.2669e-08 -4.2133e+06 -4.19095e-09
0.54 -7.68341e-08 4.37535e+06 1.03879e+07 7.68341e-08 -4.37535e+06 -5.10712e+06 -5.40167e-08 4.37535e+06 5.10712e+06 5.40167e-08 -4.37535e+06 -1.96922e+06 -4.23728e-08 4.37535e+06 1.96922e+06 4.23728e-08 -4.37535e+06 8.61473e-09
0.56 -1.08033e-07 4.5374e+06 1.06005e+07 1.08033e-07 -4.5374e+06 -5.14428e+06 1.74623e-08 4.5374e+06 5.14428e+06 -1.74623e-08 -4.5374e+06 -1.96161e+06 1.93559e-08 4.5374e+06 1.96161e+06 -1.93559e-08 -4.5374e+06 8.61473e-09
0.58 -5.44824e-08 4.69945e+06 1.08081e+07 5.44824e-08 -4.69945e+06 -5.17752e+06 -2.79397e-09 4.69945e+06 5.17752e+06 2.79397e-09 -4.69945e+06 -1.95252e+06 3.76076e-08 4.69945e+06 1.95252e+06 -3.76076e-08 -4.69945e+06 -4.42378e-09
0.6 4.2608e-08 4.8615e+06 1.10109e+07 -4.2608e-08 -4.8615e+06 -5.20715e+06 2.14204e-08 4.8615e+06 5.20715e+06 -2.14204e-08 -4.8615e+06 -1.9421e+06 2.04891e-08 4.8615e+06 1.9421e+06 -2.04891e-08 -4.8615e+06 0
0.62 1.11526e-07 5.02355e+06 1.12093e+07 -1.11526e-07 -5.02355e+06 -5.23342e+06 3.25963e-08 5.02355e+06 5.23342e+06 -3.25963e-08 -5.02355e+06 -1.93051e+06 -2.27848e-08 5.02355e+06 1.93051e+06 2.27848e-08 -5.02355e+06 -4.19095e-09
0.64 1.11526e-07 5.1856e+06 1.14035e+07 -1.11526e-07 -5.1856e+06 -5.25657e+06 6.35628e-08 5.1856e+06 5.25657e+06 -6.35628e-08 -5.1856e+06 -1.91787e+06 1.13307e-09 5.1856e+06 1.91787e+06 -1.13307e-09 -5.1856e+06 -1.30385e-08
0.66 3.28291e-08 5.34765e+06 1.15938e+07 -3.28291e-08 -5.34765e+06 -5.27682e+06 2.00234e-08 5.34765e+06 5.27682e+06 -2.00234e-08 -5.34765e+06 -1.90429e+06 2.28977e-08 5.34765e+06 1.90429e+06 -2.28977e-08 -5.34765e+06 -4.42378e-09
0.68 -1.42027e-08 5.5097e+06 1.17803e+07 1.42027e-08 -5.5097e+06 -5.29436e+06 -2.81725e-08 5.5097e+06 5.29436e+06 2.81725e-08 -5.5097e+06 -1.88987e+06 -1.0324e-08 5.5097e+06 1.88987e+06 1.0324e-08 -5.5097e+06 8.61473e-09
0.7 -7.91624e-09 5.67175e+06 1.19633e+07 7.91624e-09 -5.67175e+06 -5.30938e+06 -2.468e-08 5.67175e+06 5.30938e+06 2.468e-08 -5.67175e+06 -1.87471e+06 3.52223e-08 5.67175e+06 1.87471e+06 -3.52223e-08 -5.67175e+06 -4.42378e-09
0.72 -4.38208e-05 5.8338e+06 1.21429e+07 4.38208e-05 -5.8338e+06 -5.32203e+06 -0.000153065 5.8338e+06 5.32203e+06 0.000153065 -5.8338e+06 -1.85889e+06 -0.000121903 5.8338e+06 1.85889e+06 0.000121903 -5.8338e+06 -1.93878e-06
0.74 -3.13597e-05 5.99585e+06 1.23193e+07 3.13597e-05 -5.99585e+06 -5.33248e+06 -0.000106588 5.99585e+06 5.33248e+06 0.000106588 -5.99585e+06 -1.84248e+06 -8.11596e-05 5.99585e+06 1.84248e+06 8.11596e-05 -5.99585e+06 -1.41189e-06
0.76 -2.26926e-05 6.1579e+06 1.24927e+07 2.26926e-05 -6.1579e+06 -5.34086e+06 -7.47766e-05 6.1579e+06 5.34086e+06 7.47766e-05 -6.1579e+06 -1.82556e+06 -5.44658e-05 6.1579e+06 1.82556e+06 5.44658e-05 -6.1579e+06 -1.04494e-06
0.78 -1.68022e-05 6.31995e+06 1.26632e+07 1.68022e-05 -6.31995e+06 -5.34731e+06 -5.29306e-05 6.31995e+06 5.34731e+06 5.29306e-05 -6.31995e+06 -1.80818e+06 -3.67084e-05 6.31995e+06 1.80818e+06 3.67084e-05 -6.31995e+06 -7.77189e-07
0.8 -1.23424e-05 6.482e+06 1.28309e+07 1.23424e-05 -6.482e+06 -5.35193e+06 -3.76722e-05 6.482e+06 5.35193e+06 3.76722e-05 -6.482e+06 -1.7904e+06 -2.48812e-05 6.482e+06 1.7904e+06 2.48812e-05 -6.482e+06 -5.83008e-07
0.82 -9.05641e-06 6.64405e+06 1.2996e+07 9.05641e-06 -6.64405e+06 -5.35484e+06 -2.70132e-05 6.64405e+06 5.35484e+06 2.70132e-05 -6.64405e+06 -1.77228e+06 -1.68994e-05 6.64405e+06 1.77228e+06 1.68994e-05 -6.64405e+06 -4.18862e-07
0.84 -6.79074e-06 6.8061e+06 1.31585e+07 6.79074e-06 -6.8061e+06 -5.35614e+06 -1.95412e-05 6.8061e+06 5.35614e+06 1.95412e-05 -6.8061e+06 -1.75385e+06 -1.15851e-05 6.8061e+06 1.75385e+06 1.15851e-05 -6.8061e+06 -3.23867e-07
0.86 -5.19864e-06 6.96815e+06 1.33186e+07 5.19864e-06 -6.96815e+06 -5.35592e+06 -1.41421e-05 6.96815e+06 5.35592e+06 1.41421e-05 -6.96815e+06 -1.73516e+06 -8.00186e-06 6.96815e+06 1.73516e+06 8.00186e-06 -6.96815e+06 -2.46102e-07
0.88 -3.80492e-06 7.1302e+06 1.34764e+07 3.80492e-06 -7.1302e+06 -5.35428e+06 -1.02515e-05 7.1302e+06 5.35428e+06 1.02515e-05 -7.1302e+06 -1.71626e+06 -5.49338e-06 7.1302e+06 1.71626e+06 5.49338e-06 -7.1302e+06 -1.77184e-07
0.9 -2.88663e-06 7.29225e+06 1.36319e+07 2.88663e-06 -7.29225e+06 -5.35129e+06 -7.59563e-06 7.29225e+06 5.35129e+06 7.59563e-06 -7.29225e+06 -1.69717e+06 -3.81289e-06 7.29225e+06 1.69717e+06 3.81289e-06 -7.29225e+06 -1.29454e-07
0.92 -2.19187e-06 7.4543e+06 1.37853e+07 2.19187e-06 -7.4543e+06 -5.34703e+06 -5.61099e-06 7.4543e+06 5.34703e+06 5.61099e-06 -7.4543e+06 -1.67793e+06 -2.62521e-06 7.4543e+06 1.67793e+06 2.62521e-06 -7.4543e+06 -1.0361e-07
0.94 -1.73878e-06 7.61635e+06 1.39366e+07 1.73878e-06 -7.61635e+06 -5.34157e+06 -4.18001e-06 7.61635e+06 5.34157e+06 4.18001e-06 -7.61635e+06 -1.65856e+06 -1.86574e-06 7.61635e+06 1.65856e+06 1.86574e-06 -7.61635e+06 -9.49949e-08
0.96 -1.31642e-06 7.7784e+06 1.40859e+07 1.31642e-06 -7.7784e+06 -5.33498e+06 -3.14275e-06 7.7784e+06 5.33498e+06 3.14275e-06 -7.7784e+06 -1.6391e+06 -1.2547e-06 7.7784e+06 1.6391e+06 1.2547e-06 -7.7784e+06 -5.61122e-08
0.98 -1.0794e-06 7.94045e+06 1.42332e+07 1.0794e-06 -7.94045e+06 -5.32731e+06 -2.35206e-06 7.94045e+06 5.32731e+06 2.35206e-06 -7.94045e+06 -1.61957e+06 -9.25545e-07 7.94045e+06 1.61957e+06 9.25545e-07 -7.94045e+06 -6.47269e-08
1 -7.39936e-07 8.1025e+06 1.43787e+07 7.39936e-07 -8.1025e+06 -5.31862e+06 -1.70944e-06 8.1025e+06 5.31862e+06 1.70944e-06 -8.1025e+06 -1.59999e+06 -6.5274e-07 8.1025e+06 1.59999e+06 6.5274e-07 -8.1025e+06 -3.46918e-08
