0.02 -0.265506
0.04 -0.524269
0.06 -0.770554
0.08 -1.00029
0.1 -1.21122
0.12 -1.40265
0.14 -1.57507
0.16 -1.72965
0.18 -1.86796
0.2 -1.99168
0.22 -2.10245
0.24 -2.20183
0.26 -2.29121
0.28 -2.37184
0.3 -2.4448
0.32 -2.51103
0.34 -2.57135
0.36 -2.62647
0.38 -2.677
0.4 -2.72346
0.42 -2.76632
0.44 -2.80596
0.46 -2.84274
0.48 -2.87695
0.5 -2.90885
0.52 -2.93867
0.54 -2.96662
0.56 -2.99287
0.58 -3.01758
0.6 -3.04089
0.62 -3.06292
0.64 -3.08378
0.66 -3.10356
0.68 -3.12237
0.7 -3.14026
0.72 -3.15732
0.74 -3.17362
0.76 -3.18919
0.78 -3.20411
0.8 -3.21841
0.82 -3.23214
0.84 -3.24534
0.86 -3.25803
0.88 -3.27027
0.9 -3.28207
0.92 -3.29346
0.94 -3.30446
0.96 -3.31511
0.98 -3.32542
1 -3.33541
