1.33248 -5.74609e-22 -2.156e-05 7.21586e-21
2.65758 -3.47123e-18 -4.312e-05 4.66114e-19
3.97533 5.41418e-22 -6.468e-05 -1.63601e-20
5.28573 2.42787e-22 -8.624e-05 9.50872e-21
6.58881 6.34422e-22 -0.0001078 -8.31091e-20
7.88458 5.40328e-22 -0.00012936 -5.41927e-20
9.17307 6.29806e-23 -0.00015092 -3.74796e-20
10.4543 2.22836e-22 -0.00017248 -5.58452e-20
11.7282 -6.03785e-22 -0.00019404 -1.15113e-20
12.9949 1.74352e-22 -0.0002156 -6.9293e-20
14.2544 1.37157e-21 -0.00023716 1.13608e-20
15.5067 1.79905e-21 -0.00025872 -2.12118e-19
16.7518 2.0315e-21 -0.00028028 2.13339e-19
17.9897 2.63511e-21 -0.00030184 -8.97793e-20
19.2205 1.52742e-21 -0.0003234 -1.19124e-19
20.4441 1.35938e-21 -0.00034496 -1.16055e-19
21.6607 3.89823e-22 -0.00036652 -1.43001e-19
22.8701 -2.25059e-22 -0.00038808 -3.59567e-20
24.0724 -6.74924e-22 -0.00040964 -1.19417e-19
25.2677 -1.29837e-21 -0.0004312 -2.5059e-19
26.4559 -1.60915e-21 -0.00045276 -1.16819e-19
27.637 3.46963e-18 -0.00047432 -5.21643e-19
28.8112 -3.47193e-18 -0.00049588 8.2768e-20
29.9784 -3.4715e-18 -0.00051744 1.16097e-19
31.1385 -1.80859e-21 -0.000539 -1.00114e-19
32.2918 -2.29464e-21 -0.00056056 -4.06459e-19
33.438 -2.28067e-21 -0.00058212 -3.59225e-19
34.5774 -3.49496e-21 -0.00060368 -4.05055e-19
35.7098 -4.19251e-21 -0.00062524 -2.57187e-19
36.8353 3.46526e-18 -0.0006468 -7.38193e-19
37.954 -6.0731e-21 -0.00066836 -4.96716e-19
39.0658 -7.42242e-21 -0.00068992 -2.9426e-19
40.1707 -8.16383e-21 -0.00071148 -1.47765e-19
41.2688 -8.02751e-21 -0.00073304 -2.05641e-19
42.3602 -7.57301e-21 -0.0007546 -6.26601e-19
43.4447 -8.46902e-21 -0.00077616 2.95784e-20
44.5225 -7.06411e-21 -0.00079772 -2.32079e-19
45.5935 -8.70229e-21 -0.00081928 -4.07584e-19
46.6578 -8.91234e-21 -0.00084084 3.69983e-19
47.7153 -8.94428e-21 -0.0008624 -5.12025e-20
48.7662 -8.5748e-21 -0.00088396 -2.25993e-19
49.8103 -9.5533e-21 -0.00090552 -9.07264e-19
50.8478 -1.05434e-20 -0.00092708 -1.9063e-19
51.8787 -1.06205e-20 -0.00094864 -4.59385e-19
52.9029 -1.15032e-20 -0.0009702 -9.90624e-19
53.9205 -1.19098e-20 -0.00099176 -5.35767e-19
54.9316 -1.15307e-20 -0.00101332 -2.85253e-19
55.936 -1.29328e-20 -0.00103488 -9.24255e-19
56.9339 -1.33058e-20 -0.00105644 -7.06296e-19
57.9253 -1.26501e-20 -0.001078 -2.80809e-19
58.9101 -1.3136e-20 -0.00109956 -3.94808e-19
59.8884 -3.48543e-18 -0.00112112 -1.42901e-19
60.8603 -1.50027e-20 -0.00114268 -5.24765e-19
61.8256 -1.62264e-20 -0.00116424 -7.17448e-19
62.7846 -1.82993e-20 -0.0011858 -1.25344e-18
63.737 -1.96491e-20 -0.00120736 3.67462e-19
64.6831 -1.92402e-20 -0.00122892 -1.74163e-19
65.6228 3.45092e-18 -0.00125048 -6.68273e-19
66.5561 3.4504e-18 -0.00127204 -5.90665e-19
67.4831 -2.31622e-20 -0.0012936 -8.47197e-20
68.4037 3.44766e-18 -0.00131516 -1.4836e-18
69.3179 -2.38112e-20 -0.00133672 -1.522e-19
70.2259 -2.42376e-20 -0.00135828 -5.3765e-19
71.1276 -2.55707e-20 -0.00137984 -8.60148e-19
72.023 -6.96968e-18 -0.0014014 -3.22242e-20
72.9122 6.91162e-18 -0.00142296 -1.01343e-18
73.7952 -3.12278e-20 -0.00144452 -8.67196e-19
74.6719 -3.27731e-20 -0.00146608 5.83978e-20
75.5424 -3.45613e-20 -0.00148764 1.53159e-19
76.4068 6.90461e-18 -0.0015092 -1.74191e-18
77.265 -3.75918e-20 -0.00153076 -1.89636e-19
78.1171 -4.06639e-20 -0.00155232 1.84131e-19
78.963 -4.24525e-20 -0.00157388 2.42645e-19
79.8029 -4.26134e-20 -0.00159544 -5.56936e-19
80.6366 -4.18566e-20 -0.001617 -8.8931e-19
81.4643 -4.24843e-20 -0.00163856 -9.15609e-19
82.286 -4.33343e-20 -0.00166012 -1.50964e-18
83.1016 -4.51935e-20 -0.00168168 2.6479e-19
83.9112 -4.61838e-20 -0.00170324 -4.54459e-20
84.7148 -4.70756e-20 -0.0017248 4.14377e-20
85.5125 6.89216e-18 -0.00174636 -1.11628e-18
86.3042 3.41895e-18 -0.00176792 -1.42239e-18
87.09 -5.21096e-20 -0.00178948 6.14887e-19
87.8698 -5.52203e-20 -0.00181104 -2.6992e-19
88.6438 -5.85988e-20 -0.0018326 -1.51551e-18
89.4119 -5.82148e-20 -0.00185416 -8.89264e-19
90.1741 -5.84412e-20 -0.00187572 -5.27756e-19
90.9305 -6.99867e-18 -0.00189728 9.08924e-19
91.681 6.88248e-18 -0.00191884 -5.1594e-19
92.4258 -5.831e-20 -0.0019404 -7.49281e-19
93.1647 -5.97975e-20 -0.00196196 -5.97259e-19
93.898 -5.95383e-20 -0.00198352 -1.57493e-19
94.6254 -6.22914e-20 -0.00200508 -2.88121e-19
95.3472 -6.39971e-20 -0.00202664 -1.12014e-18
96.0632 -6.55989e-20 -0.0020482 -8.36248e-19
96.7735 -3.53698e-18 -0.00206976 -2.6736e-19
97.4782 -6.75981e-20 -0.00209132 -1.21853e-18
98.1772 -3.53731e-18 -0.00211288 -2.79402e-19
98.8706 -7.22773e-20 -0.00213444 -9.45166e-19
99.5584 -7.16638e-20 -0.002156 1.65246e-20
100.241 -7.29988e-20 -0.00217756 5.81421e-19
100.917 -3.5446e-18 -0.00219912 2.8966e-19
101.588 -7.5792e-20 -0.00222068 -1.00474e-18
102.254 -7.64427e-20 -0.00224224 -9.66355e-19
102.914 -7.98423e-20 -0.0022638 -3.72384e-19
103.568 -7.94247e-20 -0.00228536 -1.75138e-18
104.217 -7.96272e-20 -0.00230692 -9.15968e-19
104.861 -8.25603e-20 -0.00232848 -4.74988e-19
105.499 -8.19193e-20 -0.00235004 -1.24508e-18
106.132 -8.39176e-20 -0.0023716 -6.51002e-19
106.759 -8.51397e-20 -0.00239316 1.0508e-18
107.381 -8.59022e-20 -0.00241472 -2.9447e-19
107.998 -8.71973e-20 -0.00243628 -8.80639e-19
108.609 -9.00049e-20 -0.00245784 -1.72137e-18
109.215 -8.92875e-20 -0.0024794 -3.79488e-19
109.815 -9.14472e-20 -0.00250096 -1.24777e-18
110.411 -7.03247e-18 -0.00252252 -2.69647e-19
111.001 3.37588e-18 -0.00254408 -1.59792e-18
111.586 1.03185e-17 -0.00256564 -2.28855e-18
112.165 -7.03982e-18 -0.0025872 -1.57571e-18
112.74 -7.03762e-18 -0.00260876 -1.96782e-18
113.309 -1.02595e-19 -0.00263032 -4.42914e-19
113.873 -7.04259e-18 -0.00265188 -1.22082e-18
114.432 -7.04908e-18 -0.00267344 1.13762e-18
114.985 -1.08438e-19 -0.002695 -2.54509e-19
115.534 -1.39917e-17 -0.00271656 6.8097e-19
116.078 -3.58448e-18 -0.00273812 -1.29512e-18
116.616 -1.16972e-19 -0.00275968 -1.5564e-18
117.15 -1.18555e-19 -0.00278124 2.39457e-19
117.678 -1.188e-19 -0.0028028 -8.53127e-19
118.202 -1.21081e-19 -0.00282436 -5.36051e-19
118.72 -1.22409e-19 -0.00284592 -1.09997e-18
119.233 3.34403e-18 -0.00286748 -6.7496e-19
119.742 -1.40108e-17 -0.00288904 1.68216e-18
120.246 -7.07069e-18 -0.0029106 -5.90613e-19
120.744 -1.31079e-19 -0.00293216 -2.23701e-18
121.238 -7.07319e-18 -0.00295372 -6.88758e-19
121.727 -1.35205e-19 -0.00297528 -9.24475e-19
122.211 -1.35159e-19 -0.00299684 -9.89162e-19
122.69 -1.35381e-19 -0.0030184 1.28322e-19
123.165 -1.36176e-19 -0.00303996 1.15014e-19
123.634 -1.38783e-19 -0.00306152 -5.66987e-19
124.099 -7.07993e-18 -0.00308308 4.61688e-19
124.559 -1.41345e-19 -0.00310464 -2.85616e-18
125.015 3.3279e-18 -0.0031262 -2.68154e-18
125.465 -1.0556e-17 -0.00314776 -2.99915e-19
125.911 3.32639e-18 -0.00316932 4.75229e-19
126.353 -1.46615e-19 -0.00319088 2.34249e-19
126.789 -1.53829e-19 -0.00321244 -1.79926e-18
127.221 -1.56263e-19 -0.003234 -2.49149e-18
127.649 -7.10091e-18 -0.00325556 4.84101e-19
128.072 -1.6138e-19 -0.00327712 -2.01231e-18
128.49 -1.59216e-19 -0.00329868 -1.30814e-19
128.904 6.77778e-18 -0.00332024 -1.25842e-18
129.313 3.30781e-18 -0.0033418 1.05833e-18
129.718 6.77477e-18 -0.00336336 -1.61743e-18
130.118 -7.10857e-18 -0.00338492 -1.34167e-18
130.514 -1.72178e-19 -0.00340648 -3.6284e-18
130.905 -1.74425e-19 -0.00342804 -2.40108e-18
131.292 -1.77176e-19 -0.0034496 1.05334e-18
131.674 -1.7586e-19 -0.00347116 -2.19615e-18
132.052 -1.78814e-19 -0.00349272 -3.33258e-18
132.426 -7.12246e-18 -0.00351428 -9.93931e-19
132.795 -1.87641e-19 -0.00353584 -1.36445e-18
133.16 -3.65914e-18 -0.0035574 -5.8951e-19
133.521 3.27469e-18 -0.00357896 -7.74233e-19
133.878 3.2787e-18 -0.00360052 -1.98853e-18
134.23 -7.1322e-18 -0.00362208 -1.81686e-18
134.578 6.74492e-18 -0.00364364 -1.72819e-18
134.922 -1.92425e-19 -0.0036652 -4.16177e-19
135.261 -3.6643e-18 -0.00368676 -3.58805e-18
135.596 -1.96501e-19 -0.00370832 -3.16481e-18
135.928 -1.97695e-19 -0.00372988 -9.07748e-19
136.255 -2.00969e-19 -0.00375144 -1.56394e-18
136.578 3.26758e-18 -0.003773 -3.49159e-18
136.896 3.26601e-18 -0.00379456 1.0004e-18
137.211 3.26981e-18 -0.00381612 -5.38876e-19
137.522 -2.04611e-19 -0.00383768 1.7327e-19
137.829 -2.04716e-19 -0.00385924 7.84269e-19
138.131 -3.67903e-18 -0.0038808 -3.24508e-18
138.43 3.25667e-18 -0.00390236 -1.21355e-19
138.725 6.72236e-18 -0.00392392 -7.93515e-19
139.015 -2.19869e-19 -0.00394548 3.42871e-18
139.302 -2.19475e-19 -0.00396704 -2.23145e-18
139.585 6.72407e-18 -0.0039886 -3.98811e-18
139.864 -2.18877e-19 -0.00401016 -6.85256e-20
140.139 -2.29342e-19 -0.00403172 4.01956e-19
140.41 3.24006e-18 -0.00405328 -2.69164e-18
140.678 3.2355e-18 -0.00407484 5.77467e-19
140.941 3.23676e-18 -0.0040964 -1.64428e-18
141.201 -2.36292e-19 -0.00411796 -5.41328e-19
141.457 -2.4411e-19 -0.00413952 -2.77263e-18
141.709 -2.43264e-19 -0.00416108 -1.00723e-18
141.958 -2.44909e-19 -0.00418264 -1.96957e-18
142.203 -2.5228e-19 -0.0042042 4.16042e-19
142.444 -2.53075e-19 -0.00422576 -3.32188e-18
142.682 3.21657e-18 -0.00424732 -6.77108e-18
142.916 -1.76121e-17 -0.00426888 3.97527e-19
143.146 -2.60043e-19 -0.00429044 1.8837e-18
143.372 -3.73434e-18 -0.004312 -1.99192e-18
143.596 -1.76234e-17 -0.00433356 -3.73465e-19
143.815 3.19646e-18 -0.00435512 1.60212e-18
144.031 -1.76289e-17 -0.00437668 3.1419e-18
144.243 -2.77143e-19 -0.00439824 -7.2835e-19
144.452 -7.22207e-18 -0.0044198 -1.42861e-18
144.658 3.18845e-18 -0.00444136 -2.92614e-18
144.86 6.65881e-18 -0.00446292 -6.79591e-19
145.059 3.1958e-18 -0.00448448 1.22367e-18
145.254 3.19057e-18 -0.00450604 -6.48239e-19
145.446 3.19172e-18 -0.0045276 2.87959e-18
145.634 3.18818e-18 -0.00454916 -5.17586e-19
145.819 -2.89023e-19 -0.00457072 -2.30925e-19
146.001 6.65529e-18 -0.00459228 -5.20824e-19
146.179 3.19378e-18 -0.00461384 -2.73277e-19
146.354 -2.78951e-19 -0.0046354 -1.39535e-18
146.526 -3.75556e-18 -0.00465696 -1.40083e-18
146.695 -2.90062e-19 -0.00467852 2.42877e-19
146.86 -2.93422e-19 -0.00470008 2.45047e-20
147.022 -2.9608e-19 -0.00472164 -8.9086e-19
147.181 -1.07106e-17 -0.0047432 -1.45332e-19
147.337 -1.07279e-17 -0.00476476 1.42025e-18
147.49 -3.78366e-18 -0.00478632 -4.9443e-18
147.64 3.15756e-18 -0.00480788 -5.48948e-19
147.786 -3.15898e-19 -0.00482944 -2.50009e-18
147.93 3.14399e-18 -0.004851 -1.80969e-18
148.07 3.1486e-18 -0.00487256 -1.41154e-18
148.207 3.13586e-18 -0.00489412 3.75778e-18
148.342 -3.32114e-19 -0.00491568 -4.36668e-19
148.473 -3.3322e-19 -0.00493724 1.26648e-19
148.601 -3.79591e-18 -0.0049588 -3.8599e-18
148.727 -3.28871e-19 -0.00498036 -2.96318e-18
148.849 -3.33903e-19 -0.00500192 -1.77739e-18
148.969 -3.80368e-18 -0.00502348 1.48431e-18
149.085 3.13607e-18 -0.00504504 -4.69752e-18
149.199 3.14481e-18 -0.0050666 1.1258e-18
149.31 -3.79977e-18 -0.00508816 -2.49631e-18
149.418 3.12692e-18 -0.00510972 2.60661e-18
149.524 -3.80955e-18 -0.00513128 -3.66458e-18
149.626 -1.07617e-17 -0.00515284 -1.3118e-19
149.726 -3.8245e-18 -0.0051744 -3.5012e-18
149.823 3.11273e-18 -0.00519596 -3.02155e-18
149.917 3.11738e-18 -0.00521752 7.69294e-20
150.009 -3.57115e-19 -0.00523908 6.68876e-19
150.098 3.09649e-18 -0.00526064 1.97334e-18
150.184 3.09778e-18 -0.0052822 -1.66061e-18
150.268 -3.77445e-19 -0.00530376 -2.23566e-19
150.349 -3.81783e-19 -0.00532532 3.70473e-19
150.427 -3.85467e-18 -0.00534688 -4.27627e-18
150.503 3.0832e-18 -0.00536844 5.62783e-19
150.577 -3.92848e-19 -0.00539 2.22802e-18
150.647 -1.07977e-17 -0.00541156 -2.91528e-18
150.716 3.07651e-18 -0.00543312 -7.54215e-19
150.782 -3.86272e-18 -0.00545468 1.89927e-18
150.845 -3.8688e-18 -0.00547624 -3.21871e-18
150.906 3.05893e-18 -0.0054978 -3.00493e-18
150.964 3.05599e-18 -0.00551936 4.94154e-19
151.02 -3.87797e-18 -0.00554092 -2.94658e-18
151.074 6.52715e-18 -0.00556248 9.90926e-19
151.126 -3.87894e-18 -0.00558404 -9.31098e-19
151.175 -3.88259e-18 -0.0056056 -9.18191e-18
151.221 -4.19997e-19 -0.00562716 -1.97082e-18
151.266 3.05316e-18 -0.00564872 -2.82853e-18
151.308 3.04947e-18 -0.00567028 -1.52524e-18
151.348 3.04952e-18 -0.00569184 -5.49891e-18
151.385 -1.77709e-17 -0.0057134 1.41137e-18
151.421 -7.36685e-18 -0.00573496 4.36781e-18
151.454 -4.32451e-19 -0.00575652 -5.11574e-18
151.485 -4.26522e-19 -0.00577808 6.14203e-20
151.514 -4.21578e-19 -0.00579964 -3.74276e-18
151.541 -7.37364e-18 -0.0058212 6.93602e-18
151.565 6.51706e-18 -0.00584276 -7.89756e-18
151.588 3.04314e-18 -0.00586432 -4.60146e-18
151.609 -3.89906e-18 -0.00588588 -2.45129e-18
151.627 -3.89917e-18 -0.00590744 -8.5806e-19
151.644 3.03778e-18 -0.005929 -1.24545e-18
151.658 3.04128e-18 -0.00595056 -4.39931e-19
151.67 3.03621e-18 -0.00597212 -2.53973e-18
151.681 -4.30204e-19 -0.00599368 -4.1931e-18
151.69 -4.28917e-19 -0.00601524 -4.68766e-18
151.696 -4.35731e-19 -0.0060368 2.75403e-18
151.701 3.02734e-18 -0.00605836 -6.85086e-18
151.704 3.02584e-18 -0.00607992 -1.69734e-18
151.705 -3.90599e-18 -0.00610148 -1.08184e-17
151.704 -3.91677e-18 -0.00612304 8.40106e-19
151.702 -3.91917e-18 -0.0061446 -5.27221e-18
151.697 6.47651e-18 -0.00616616 1.96068e-18
151.691 3.01429e-18 -0.00618772 1.0451e-18
151.683 3.00889e-18 -0.00620928 -6.587e-19
151.674 3.00791e-18 -0.00623084 -3.76674e-18
151.662 -4.68414e-19 -0.0062524 5.75818e-18
151.649 -3.93781e-18 -0.00627396 2.21423e-18
151.635 9.94283e-18 -0.00629552 -2.30157e-18
151.618 -4.58669e-19 -0.00631708 -3.35455e-18
151.6 2.99755e-18 -0.00633864 4.1958e-18
151.581 -4.59901e-19 -0.0063602 -2.37874e-18
151.56 6.48103e-18 -0.00638176 -1.34148e-18
151.537 -1.08788e-17 -0.00640332 5.52769e-19
151.513 6.46118e-18 -0.00642488 -2.8579e-18
151.487 6.46951e-18 -0.00644644 -1.18693e-18
151.46 2.99362e-18 -0.006468 1.12162e-18
151.431 2.98922e-18 -0.00648956 2.59722e-19
151.401 -3.94739e-18 -0.00651112 -7.69396e-18
151.37 -7.42587e-18 -0.00653268 3.4207e-19
151.337 -3.96032e-18 -0.00655424 -2.43587e-18
151.302 -3.97095e-18 -0.0065758 -3.87425e-18
151.266 -3.96306e-18 -0.00659736 -5.00836e-18
151.229 1.33811e-17 -0.00661892 -3.0493e-18
151.191 -1.09052e-17 -0.00664048 1.0643e-19
151.151 -1.0934e-17 -0.00666204 5.70383e-19
151.11 -3.9884e-18 -0.0066836 -7.88565e-18
151.068 -5.12515e-19 -0.00670516 -2.80037e-18
151.024 2.948e-18 -0.00672672 -1.79444e-18
150.979 -3.99266e-18 -0.00674828 -1.29541e-18
150.933 1.3353e-17 -0.00676984 -5.42318e-18
150.886 2.94133e-18 -0.0067914 4.62493e-18
150.838 9.88486e-18 -0.00681296 -1.73334e-18
150.788 -3.99117e-18 -0.00683452 6.40034e-18
150.738 -4.00609e-18 -0.00685608 3.46589e-18
150.686 9.8792e-18 -0.00687764 8.25104e-19
150.633 2.95283e-18 -0.0068992 -5.16199e-20
150.58 -4.00408e-18 -0.00692076 2.89771e-18
150.525 -3.98958e-18 -0.00694232 -5.26463e-18
150.469 -3.99735e-18 -0.00696388 -3.60003e-18
150.412 -4.00116e-18 -0.00698544 -7.58931e-18
150.354 -7.4813e-18 -0.007007 1.88316e-18
150.295 -5.28227e-19 -0.00702856 -9.85191e-18
150.236 -4.01013e-18 -0.00705012 -4.81906e-18
150.175 -4.02418e-18 -0.00707168 6.56399e-18
150.113 -5.71379e-19 -0.00709324 8.50584e-19
150.051 6.35771e-18 -0.0071148 -5.20192e-18
149.988 2.88704e-18 -0.00713636 2.23012e-18
149.924 2.88313e-18 -0.00715792 -2.67062e-18
149.859 2.87329e-18 -0.00717948 6.64865e-18
149.793 2.87715e-18 -0.00720104 -8.97534e-19
149.726 -4.07157e-18 -0.0072226 -1.18321e-18
149.659 2.84305e-18 -0.00724416 9.19793e-19
149.591 2.85953e-18 -0.00726572 -3.5127e-18
149.523 -4.09583e-18 -0.00728728 3.15413e-18
149.453 2.84181e-18 -0.00730884 -1.75355e-18
149.383 6.30743e-18 -0.0073304 -2.97984e-18
149.313 6.30085e-18 -0.00735196 -3.65242e-20
149.241 6.30592e-18 -0.00737352 -2.10825e-18
149.169 2.81631e-18 -0.00739508 1.64702e-18
149.097 6.29466e-18 -0.00741664 1.27348e-18
149.024 -6.39326e-19 -0.0074382 -5.49615e-18
148.95 -7.579e-18 -0.00745976 -4.85876e-18
148.876 2.83633e-18 -0.00748132 -9.74468e-18
148.801 2.83266e-18 -0.00750288 -5.79034e-18
148.726 -4.09918e-18 -0.00752444 -3.96952e-18
148.651 -4.10742e-18 -0.007546 -1.70576e-18
148.575 -7.58366e-18 -0.00756756 -1.89379e-18
148.498 9.78165e-18 -0.00758912 -1.45824e-17
148.421 2.84184e-18 -0.00761068 3.63136e-18
148.344 -4.11274e-18 -0.00763224 4.06334e-18
148.266 1.67105e-17 -0.0076538 -8.16429e-18
148.188 6.28772e-18 -0.00767536 -2.81637e-18
148.11 -6.45229e-19 -0.00769692 7.0524e-18
148.032 2.81659e-18 -0.00771848 4.33044e-19
147.953 -4.12535e-18 -0.00774004 1.01921e-18
147.874 9.75325e-18 -0.0077616 -1.33977e-17
147.794 -4.13256e-18 -0.00778316 2.73104e-18
147.715 -1.10698e-17 -0.00780472 -5.63841e-18
147.635 -6.7648e-19 -0.00782628 1.95732e-18
147.555 2.802e-18 -0.00784784 1.59719e-18
147.475 -6.66039e-19 -0.0078694 2.32293e-18
147.394 -4.13583e-18 -0.00789096 -3.84615e-19
147.314 6.26053e-18 -0.00791252 -4.72017e-19
147.233 -6.78341e-19 -0.00793408 1.03833e-18
147.153 9.73483e-18 -0.00795564 -5.06256e-18
147.072 -6.76834e-19 -0.0079772 2.63141e-18
146.991 2.77752e-18 -0.00799876 -1.1767e-18
146.911 6.24278e-18 -0.00802032 -6.6842e-18
146.83 9.71073e-18 -0.00804188 -1.25655e-18
146.749 2.76611e-18 -0.00806344 2.50488e-18
146.668 2.76549e-18 -0.008085 1.56149e-18
146.588 2.76684e-18 -0.00810656 -7.30314e-18
146.507 2.76779e-18 -0.00812812 -7.59094e-21
146.427 -4.16962e-18 -0.00814968 -7.37971e-19
146.346 -1.11227e-17 -0.00817124 -1.35008e-18
146.266 6.20801e-18 -0.0081928 -7.38147e-19
146.186 -4.19164e-18 -0.00821436 8.20217e-18
146.106 6.24046e-18 -0.00823592 -9.14803e-18
146.026 -7.64349e-18 -0.00825748 5.83895e-19
145.947 6.22441e-18 -0.00827904 -6.22087e-18
145.868 -7.30158e-19 -0.0083006 -3.29742e-18
145.789 -4.21421e-18 -0.00832216 -7.57442e-19
145.71 2.72929e-18 -0.00834372 -8.55025e-19
145.631 -1.11473e-17 -0.00836528 2.20991e-18
145.553 -1.11649e-17 -0.00838684 -9.68322e-18
145.476 -4.21637e-18 -0.0084084 -1.10403e-18
145.398 -4.22661e-18 -0.00842996 -2.2524e-18
145.321 2.69544e-18 -0.00845152 3.83778e-18
145.244 -7.65379e-19 -0.00847308 -6.02499e-18
145.168 6.15208e-18 -0.00849464 -6.61883e-18
145.092 -1.46675e-17 -0.0085162 5.32004e-18
145.017 6.1582e-18 -0.00853776 -4.38809e-18
144.942 2.66045e-18 -0.00855932 1.9314e-18
144.867 -4.27216e-18 -0.00858088 -4.82468e-18
144.793 2.65338e-18 -0.00860244 -9.19612e-19
144.72 2.68984e-18 -0.008624 -4.47256e-18
144.647 6.16542e-18 -0.00864556 -2.29179e-18
144.574 2.70806e-18 -0.00866712 7.30896e-19
144.503 -1.81399e-17 -0.00868868 7.60668e-18
144.431 -7.73642e-19 -0.00871024 -5.15519e-18
144.361 -7.74363e-18 -0.0087318 -3.22961e-18
144.291 2.68815e-18 -0.00875336 -5.19855e-18
144.222 -7.51267e-19 -0.00877492 -4.63775e-18
144.153 -7.95849e-19 -0.00879648 -1.03142e-18
144.085 -7.94605e-19 -0.00881804 -2.19433e-18
144.018 -7.92549e-19 -0.0088396 4.28256e-18
143.951 -7.71579e-18 -0.00886116 5.36554e-18
143.886 2.69218e-18 -0.00888272 -2.2784e-18
143.821 -7.71661e-18 -0.00890428 3.30901e-18
143.757 6.14144e-18 -0.00892584 -1.41315e-17
143.693 -1.46925e-17 -0.0089474 -4.64485e-19
143.631 -7.77575e-18 -0.00896896 -6.18257e-18
143.569 6.1108e-18 -0.00899052 -5.2236e-18
143.508 9.56402e-18 -0.00901208 6.84221e-19
143.448 2.63449e-18 -0.00903364 -2.19521e-18
143.389 2.63428e-18 -0.0090552 -5.65706e-18
143.331 -8.29284e-19 -0.00907676 -2.02003e-18
143.274 -4.29835e-18 -0.00909832 -1.60136e-18
143.218 2.59499e-18 -0.00911988 -2.78318e-18
143.163 -4.353e-18 -0.00914144 2.24418e-18
143.108 6.03089e-18 -0.009163 -1.1037e-18
143.055 -4.39668e-18 -0.00918456 3.82041e-18
143.003 2.51281e-18 -0.00920612 4.70995e-18
142.952 9.47469e-18 -0.00922768 -2.0661e-18
142.902 -4.40325e-18 -0.00924924 -1.9303e-18
142.853 2.52853e-18 -0.0092708 -7.62371e-18
142.805 9.45366e-18 -0.00929236 -2.35251e-18
142.758 -7.88669e-18 -0.00931392 -1.45827e-18
142.712 2.49719e-18 -0.00933548 -3.10933e-18
142.668 -4.41858e-18 -0.00935704 -5.40717e-19
142.624 9.45642e-18 -0.0093786 -1.88519e-19
142.582 2.52424e-18 -0.00940016 3.76144e-18
142.541 2.52048e-18 -0.00942172 -6.57062e-18
142.502 -1.48255e-17 -0.00944328 -5.8842e-19
142.463 -4.42573e-18 -0.00946484 -6.83404e-20
142.426 -9.45119e-19 -0.0094864 -4.41406e-21
142.39 -1.13333e-17 -0.00950796 -6.91775e-20
142.356 9.48563e-18 -0.00952952 -7.7011e-18
142.323 -7.87106e-18 -0.00955108 -4.35646e-19
142.291 -7.86042e-18 -0.00957264 -9.92698e-18
142.26 2.52591e-18 -0.0095942 -8.22873e-19
142.231 -4.38323e-18 -0.00961576 -8.15288e-18
142.203 -4.40437e-18 -0.00963732 -7.09263e-19
142.177 -9.56721e-19 -0.00965888 -7.00348e-18
142.152 -4.43842e-18 -0.00968044 2.55423e-18
142.129 6.0021e-18 -0.009702 -1.14676e-17
142.107 -4.41526e-18 -0.00972356 5.34387e-18
142.086 9.45377e-18 -0.00974512 -1.08849e-19
142.067 -4.44108e-18 -0.00976668 4.24908e-18
142.05 -7.90903e-18 -0.00978824 -2.91488e-18
142.034 2.49686e-18 -0.0098098 -2.53322e-18
142.02 2.50155e-18 -0.00983136 -8.23739e-18
142.007 -1.13905e-17 -0.00985292 -6.88779e-18
141.996 -9.94406e-19 -0.00987448 -6.51722e-18
141.986 -1.01637e-18 -0.00989604 -1.99722e-18
141.978 -4.50539e-18 -0.0099176 -9.59752e-19
141.972 -1.0294e-18 -0.00993916 -3.77589e-18
141.967 9.3954e-18 -0.00996072 -8.05389e-18
141.964 -1.145e-17 -0.00998228 -2.99762e-20
141.963 -4.4997e-18 -0.0100038 7.73194e-18
141.963 -4.51019e-18 -0.0100254 -7.03227e-18
141.965 1.2817e-17 -0.010047 -5.05301e-19
141.969 -1.047e-18 -0.0100685 -1.9516e-18
141.975 -4.53512e-18 -0.0100901 8.90176e-20
141.983 -1.05719e-18 -0.0101116 -9.28132e-18
141.992 -4.55911e-18 -0.0101332 4.11133e-18
142.003 -1.08946e-18 -0.0101548 3.03234e-19
142.016 -1.0829e-18 -0.0101763 2.83364e-19
142.031 -1.10203e-18 -0.0101979 8.10584e-18
142.047 5.86555e-18 -0.0102194 -7.21897e-18
142.066 9.33424e-18 -0.010241 -2.37898e-18
142.086 -4.56665e-18 -0.0102626 3.06261e-19
142.109 -1.09229e-18 -0.0102841 1.52363e-18
142.133 -1.08083e-18 -0.0103057 5.52788e-18
142.159 9.33634e-18 -0.0103272 -3.14029e-18
142.188 -1.03746e-18 -0.0103488 -1.55573e-18
142.218 -8.01387e-18 -0.0103704 3.91054e-19
142.25 2.35751e-18 -0.0103919 3.58584e-18
142.284 -1.09046e-18 -0.0104135 5.52771e-18
142.321 -8.05757e-18 -0.010435 7.87165e-18
142.359 -1.10238e-18 -0.0104566 1.31941e-18
142.4 -1.10942e-18 -0.0104782 -1.18488e-17
142.442 -1.15408e-17 -0.0104997 6.6764e-18
142.487 1.62e-17 -0.0105213 -1.56613e-18
142.534 9.28715e-18 -0.0105428 4.25309e-18
142.583 -8.03533e-18 -0.0105644 -2.98814e-18
142.634 9.28161e-18 -0.010586 -9.83561e-18
142.687 -4.58491e-18 -0.0106075 -7.63545e-20
142.743 -1.09047e-18 -0.0106291 -1.38024e-18
142.8 5.8635e-18 -0.0106506 -1.02178e-17
142.86 -1.09789e-18 -0.0106722 2.98861e-18
142.923 -4.5462e-18 -0.0106938 4.02058e-18
142.987 -8.03702e-18 -0.0107153 1.03384e-18
143.054 2.40857e-18 -0.0107369 -4.02152e-18
143.123 -1.05876e-18 -0.0107584 -4.23048e-18
143.194 9.32344e-18 -0.01078 1.86191e-18
143.268 2.4104e-18 -0.0108016 7.18955e-18
143.344 5.87403e-18 -0.0108231 -4.04291e-18
143.422 2.43394e-18 -0.0108447 -8.12467e-18
143.503 2.41678e-18 -0.0108662 -4.49814e-18
143.586 -7.97785e-18 -0.0108878 -5.61026e-18
143.672 1.28169e-17 -0.0109094 -9.96409e-18
143.76 -4.51891e-18 -0.0109309 -1.76627e-18
143.85 5.86959e-18 -0.0109525 -2.94174e-18
143.943 2.3958e-18 -0.010974 -6.30039e-18
144.038 9.31976e-18 -0.0109956 -4.40006e-18
144.136 2.35807e-18 -0.0110172 6.79575e-19
144.236 5.84012e-18 -0.0110387 -2.68893e-18
144.339 -4.55724e-18 -0.0110603 -5.97431e-18
144.445 -1.09951e-18 -0.0110818 -3.09739e-18
144.553 -1.09524e-18 -0.0111034 2.72111e-20
144.663 9.32103e-18 -0.011125 -3.51649e-18
144.777 -1.08912e-18 -0.0111465 5.86564e-19
144.892 -1.08715e-18 -0.0111681 -4.92231e-18
145.011 5.82032e-18 -0.0111896 2.55031e-19
145.132 -8.06869e-18 -0.0112112 9.29013e-19
145.255 -1.13074e-18 -0.0112328 -1.16058e-18
145.382 2.3401e-18 -0.0112543 -8.50392e-18
145.511 9.24924e-18 -0.0112759 5.47985e-18
145.643 -1.12903e-18 -0.0112974 6.65669e-19
145.777 2.3302e-18 -0.011319 4.92374e-18
145.914 -1.15461e-17 -0.0113406 -1.96731e-19
146.054 5.79929e-18 -0.0113621 1.22605e-18
146.197 9.28114e-18 -0.0113837 5.82695e-18
146.342 -1.12478e-18 -0.0114052 -5.07523e-18
146.491 -1.11792e-18 -0.0114268 3.47667e-18
146.642 -4.58246e-18 -0.0114484 -4.4774e-18
146.796 2.33507e-18 -0.0114699 4.10861e-18
146.953 -1.09649e-18 -0.0114915 -3.4082e-18
147.112 -8.07779e-18 -0.011513 1.23345e-17
147.275 -1.12242e-18 -0.0115346 -3.11553e-18
147.44 -1.11856e-18 -0.0115562 -5.45578e-18
147.609 -1.15144e-18 -0.0115777 9.06281e-18
147.78 5.78073e-18 -0.0115993 -1.94171e-19
147.954 5.7958e-18 -0.0116208 -3.32817e-18
148.131 -1.15818e-17 -0.0116424 6.03149e-18
148.311 -1.16036e-17 -0.011664 7.65586e-19
148.494 1.61394e-17 -0.0116855 -1.99373e-18
148.681 -1.19554e-18 -0.0117071 5.19881e-18
148.87 9.21549e-18 -0.0117286 -5.76665e-18
149.062 -8.12271e-18 -0.0117502 -2.54398e-18
149.257 -4.66946e-18 -0.0117718 -1.3393e-17
149.455 1.26994e-17 -0.0117933 -6.03894e-18
149.657 -4.66927e-18 -0.0118149 5.16845e-18
149.861 -4.68487e-18 -0.0118364 5.4625e-18
150.069 2.28372e-18 -0.011858 -1.12743e-18
150.279 -8.14386e-18 -0.0118796 -3.8709e-18
150.493 5.74295e-18 -0.0119011 -3.16346e-18
150.71 -1.16114e-17 -0.0119227 -4.80914e-18
150.93 2.24618e-18 -0.0119442 -1.9509e-18
151.154 1.61185e-17 -0.0119658 4.2135e-18
151.38 -4.68759e-18 -0.0119874 3.86853e-18
151.61 2.23114e-18 -0.0120089 -1.01104e-17
151.843 9.13886e-18 -0.0120305 3.69513e-19
152.079 -4.74793e-18 -0.012052 -3.6267e-18
152.319 2.18576e-18 -0.0120736 -9.41745e-18
152.562 9.13448e-18 -0.0120952 -9.72113e-18
152.808 -1.2923e-18 -0.0121167 -2.23742e-18
153.057 -1.30088e-18 -0.0121383 -3.54783e-18
153.31 -1.29579e-18 -0.0121598 -3.44402e-18
153.566 -1.30152e-18 -0.0121814 -3.75444e-18
153.825 -1.31727e-18 -0.012203 7.00671e-18
154.088 -8.23003e-18 -0.0122245 -3.81752e-18
154.354 5.62453e-18 -0.0122461 -8.20852e-18
154.624 -1.31317e-18 -0.0122676 8.60024e-19
154.896 -1.30441e-18 -0.0122892 -1.78904e-18
155.173 -4.77746e-18 -0.0123108 7.35309e-19
155.453 5.63282e-18 -0.0123323 -9.77145e-18
155.736 -8.2741e-18 -0.0123539 7.52342e-18
156.023 -8.30521e-18 -0.0123754 4.32285e-19
156.313 -4.88276e-18 -0.012397 5.96397e-18
156.607 -8.38651e-18 -0.0124186 -2.31537e-18
156.904 8.98408e-18 -0.0124401 -7.08105e-18
157.205 -1.46535e-18 -0.0124617 5.13841e-19
157.509 2.01208e-18 -0.0124832 -4.87056e-18
157.817 5.46596e-18 -0.0125048 1.27099e-18
158.128 -1.50535e-18 -0.0125264 -1.26177e-18
158.443 1.94314e-18 -0.0125479 -6.01328e-18
158.762 -8.47989e-18 -0.0125695 -3.4723e-18
159.084 -5.00745e-18 -0.012591 -5.26417e-18
159.41 -1.88794e-17 -0.0126126 -3.26359e-18
159.74 -1.54095e-17 -0.0126342 -9.8841e-18
160.073 1.941e-18 -0.0126557 -2.15626e-18
160.41 -1.54954e-18 -0.0126773 3.72419e-18
160.75 -5.03104e-18 -0.0126988 6.38906e-18
161.094 1.92291e-18 -0.0127204 -1.04758e-17
161.442 1.90988e-18 -0.012742 2.18473e-18
161.794 1.23165e-17 -0.0127635 -5.6361e-18
162.15 5.38391e-18 -0.0127851 2.30441e-18
162.509 -5.04006e-18 -0.0128066 3.47031e-18
162.872 1.93107e-18 -0.0128282 -9.53193e-18
163.239 -1.54648e-18 -0.0128498 1.29816e-18
163.609 -1.5751e-18 -0.0128713 -6.6533e-18
163.984 5.34928e-18 -0.0128929 3.35044e-18
164.362 5.36195e-18 -0.0129144 -9.72363e-18
164.744 5.3528e-18 -0.012936 3.2992e-18
165.13 8.80666e-18 -0.0129576 2.34792e-18
165.52 1.87e-18 -0.0129791 4.393e-18
165.913 1.89443e-18 -0.0130007 -2.2772e-18
166.311 5.35603e-18 -0.0130222 -2.78391e-18
166.713 8.81208e-18 -0.0130438 -2.75793e-18
167.118 -8.51037e-18 -0.0130654 -4.61113e-18
167.527 1.90412e-18 -0.0130869 -5.6258e-18
167.941 5.35632e-18 -0.0131085 -2.26477e-18
168.358 1.92085e-18 -0.01313 -3.89315e-18
168.78 -8.52207e-18 -0.0131516 8.36817e-18
169.205 -1.58464e-18 -0.0131732 -3.17662e-18
169.634 1.23075e-17 -0.0131947 5.38684e-18
170.068 -1.50938e-18 -0.0132163 -2.28815e-18
170.505 -1.53423e-18 -0.0132378 -5.56001e-19
170.947 -1.53856e-18 -0.0132594 8.33069e-19
171.392 -1.54238e-18 -0.013281 2.00857e-18
171.842 1.58332e-17 -0.0133025 1.60181e-18
172.296 -1.52849e-18 -0.0133241 3.62331e-18
172.753 -1.49185e-18 -0.0133456 -6.95188e-18
173.215 -1.47985e-18 -0.0133672 3.80463e-18
173.682 -1.49153e-18 -0.0133888 -1.49604e-19
174.152 -1.47143e-18 -0.0134103 -2.2172e-18
174.626 -8.41688e-18 -0.0134319 -2.36131e-19
175.105 -1.1899e-17 -0.0134534 3.70142e-18
175.588 8.92789e-18 -0.013475 -2.27852e-18
176.075 8.9564e-18 -0.0134966 3.59181e-18
176.566 8.97583e-18 -0.0135181 -9.88725e-20
177.062 5.4661e-18 -0.0135397 -3.21925e-18
177.561 -1.48697e-18 -0.0135612 3.44412e-18
178.065 1.24084e-17 -0.0135828 -4.66551e-18
178.574 -1.46123e-18 -0.0136044 -3.60649e-18
179.086 -8.37976e-18 -0.0136259 -2.71553e-18
179.603 2.028e-18 -0.0136475 3.99033e-18
180.124 5.509e-18 -0.013669 -4.21258e-18
180.65 -1.18482e-17 -0.0136906 3.18492e-19
181.18 -8.40624e-18 -0.0137122 -9.14814e-20
181.714 -8.34976e-18 -0.0137337 -6.28579e-18
182.253 5.54759e-18 -0.0137553 -5.93822e-18
182.796 -1.41049e-18 -0.0137768 2.11924e-18
183.343 -1.1837e-17 -0.0137984 4.46927e-18
183.895 2.00012e-18 -0.01382 -2.40389e-18
184.451 -1.88126e-17 -0.0138415 -8.53228e-19
185.012 5.44658e-18 -0.0138631 -4.71703e-18
185.577 1.99604e-18 -0.0138846 -2.6306e-18
186.147 5.44257e-18 -0.0139062 -5.29749e-20
186.721 1.2402e-17 -0.0139278 -6.97447e-19
187.299 -1.46655e-18 -0.0139493 2.28611e-18
187.882 1.98164e-18 -0.0139709 1.23722e-19
188.47 1.24038e-17 -0.0139924 -1.78681e-19
189.062 -1.5341e-17 -0.014014 1.85343e-18
189.659 -8.41019e-18 -0.0140356 -1.77306e-18
190.26 -4.93564e-18 -0.0140571 2.14228e-18
190.866 -1.42468e-18 -0.0140787 7.14408e-19
191.476 8.94538e-18 -0.0141002 6.24192e-19
192.091 1.2437e-17 -0.0141218 1.95269e-18
192.711 -1.43858e-18 -0.0141434 8.25811e-18
193.335 1.2471e-17 -0.0141649 5.23748e-18
193.964 -1.33089e-18 -0.0141865 -2.72538e-18
194.598 -8.33568e-18 -0.014208 2.70157e-18
195.236 -8.34392e-18 -0.0142296 2.48307e-18
195.879 9.03996e-18 -0.0142512 -2.57536e-18
196.527 1.59653e-17 -0.0142727 -5.87948e-18
197.179 -1.44375e-18 -0.0142943 -1.62084e-18
197.836 -8.34777e-18 -0.0143158 -4.06091e-18
198.498 2.07368e-18 -0.0143374 -3.99625e-18
199.164 2.07764e-18 -0.014359 -7.49997e-18
199.835 -1.39343e-18 -0.0143805 -3.14746e-18
200.511 9.01871e-18 -0.0144021 -8.30472e-20
201.192 -1.40255e-18 -0.0144236 -2.31176e-18
201.878 9.01806e-18 -0.0144452 -3.94072e-18
202.568 5.53996e-18 -0.0144668 8.91698e-20
203.263 -4.84362e-18 -0.0144883 -4.29707e-18
203.963 -4.85937e-18 -0.0145099 -8.84612e-18
204.668 -1.17748e-17 -0.0145314 -4.6225e-18
205.378 2.12979e-18 -0.014553 -4.61267e-18
206.093 -1.33633e-18 -0.0145746 1.00334e-18
206.812 -1.52479e-17 -0.0145961 2.92402e-18
207.537 -4.81829e-18 -0.0146177 -3.12372e-18
208.266 2.14785e-18 -0.0146392 1.84719e-18
209 2.14231e-18 -0.0146608 2.28799e-18
209.74 9.09924e-18 -0.0146824 -2.08661e-18
210.484 9.13161e-18 -0.0147039 -3.20003e-18
211.233 -1.26434e-18 -0.0147255 -7.74558e-18
211.987 -1.51496e-17 -0.014747 -5.9992e-18
212.746 -1.51646e-17 -0.0147686 -5.96902e-18
213.51 -1.17125e-17 -0.0147902 -3.36166e-18
214.279 1.60244e-17 -0.0148117 -1.42077e-18
215.054 2.21887e-18 -0.0148333 -7.05302e-19
215.833 -4.72426e-18 -0.0148548 -9.25638e-18
216.617 -8.23034e-18 -0.0148764 -5.07411e-19
217.406 9.09538e-18 -0.014898 -6.56091e-18
218.201 9.12555e-18 -0.0149195 9.82069e-19
219 2.17155e-18 -0.0149411 -3.89557e-19
219.805 5.58686e-18 -0.0149626 2.25922e-18
220.614 -8.25174e-18 -0.0149842 1.59782e-18
221.429 -1.37592e-18 -0.0150058 2.38042e-18
222.249 -8.27246e-18 -0.0150273 3.2062e-18
223.074 -4.81126e-18 -0.0150489 -1.83308e-18
223.905 2.14685e-18 -0.0150704 -1.59038e-18
224.74 -8.25875e-18 -0.015092 -7.43821e-19
225.581 -8.25211e-18 -0.0151136 -5.64277e-18
226.427 5.61061e-18 -0.0151351 -2.34798e-18
227.278 -1.27992e-18 -0.0151567 -6.57101e-19
228.134 -8.25867e-18 -0.0151782 1.59822e-18
228.996 -1.31853e-18 -0.0151998 -3.56627e-18
229.862 -4.80588e-18 -0.0152214 1.15299e-17
230.735 -4.81668e-18 -0.0152429 -4.19922e-19
231.612 5.58613e-18 -0.0152645 4.60635e-18
232.495 -1.36088e-18 -0.015286 2.13907e-18
233.383 -1.36264e-18 -0.0153076 5.29887e-18
234.276 -4.8403e-18 -0.0153292 4.92984e-18
235.174 9.03163e-18 -0.0153507 2.75564e-18
236.078 5.57508e-18 -0.0153723 -1.64479e-18
236.988 -1.35655e-18 -0.0153938 -2.2819e-18
237.902 5.54132e-18 -0.0154154 4.62153e-18
238.822 9.01895e-18 -0.015437 -8.78734e-20
239.748 -1.37297e-18 -0.0154585 -2.5985e-18
240.679 2.06661e-18 -0.0154801 2.78896e-18
241.615 9.00962e-18 -0.0155016 -3.18776e-18
242.557 8.98981e-18 -0.0155232 -2.62535e-18
243.504 8.97156e-18 -0.0155448 -2.14896e-19
244.457 -1.18442e-17 -0.0155663 3.69703e-18
245.415 1.9946e-18 -0.0155879 3.29859e-18
246.378 1.98844e-18 -0.0156094 3.51549e-18
247.347 1.98465e-18 -0.015631 3.63123e-18
248.322 -8.36175e-18 -0.0156526 -4.86364e-18
249.302 -4.9387e-18 -0.0156741 -2.88542e-18
250.287 -4.90656e-18 -0.0156957 -5.1452e-18
251.279 -4.86566e-18 -0.0157172 2.73856e-18
252.275 -4.87029e-18 -0.0157388 5.98789e-19
253.277 -8.37761e-18 -0.0157604 1.66912e-18
254.285 2.07818e-18 -0.0157819 -3.76223e-18
255.299 -4.86642e-18 -0.0158035 7.1704e-19
256.318 -4.93121e-18 -0.015825 -1.17323e-18
257.342 8.92484e-18 -0.0158466 -9.42628e-18
258.373 -1.53302e-17 -0.0158682 8.84908e-19
259.409 1.98999e-18 -0.0158897 -7.65034e-18
260.45 8.96455e-18 -0.0159113 9.61481e-19
261.497 8.93972e-18 -0.0159328 6.37333e-18
262.55 1.99736e-18 -0.0159544 -3.8052e-20
263.609 -4.95704e-18 -0.015976 8.55209e-19
264.673 8.92984e-18 -0.0159975 9.23725e-18
265.743 -4.90006e-18 -0.0160191 2.06227e-18
266.819 5.49638e-18 -0.0160406 -1.40164e-18
267.9 1.58622e-17 -0.0160622 1.93553e-18
268.987 8.91128e-18 -0.0160838 6.2138e-18
270.08 -4.96767e-18 -0.0161053 6.73752e-18
271.179 -8.48844e-18 -0.0161269 1.59454e-18
272.284 1.9596e-18 -0.0161484 4.01999e-18
273.394 1.92847e-17 -0.01617 1.18792e-18
274.51 1.98912e-18 -0.0161916 2.82453e-18
275.632 1.24008e-17 -0.0162131 -1.95573e-19
276.76 -4.95875e-18 -0.0162347 2.00619e-18
277.893 -4.96713e-18 -0.0162562 -6.97738e-18
279.033 1.96959e-18 -0.0162778 -4.54723e-18
280.178 -1.4864e-18 -0.0162994 -3.12883e-18
281.329 -4.9305e-18 -0.0163209 -3.51058e-18
282.486 -4.90579e-18 -0.0163425 -2.35788e-18
283.649 2.00009e-18 -0.016364 8.74888e-19
284.818 5.49194e-18 -0.0163856 -1.46546e-18
285.993 2.01244e-18 -0.0164072 7.49121e-18
287.174 -1.47944e-18 -0.0164287 1.12186e-17
288.361 -8.42143e-18 -0.0164503 5.49039e-18
289.554 -1.43527e-18 -0.0164718 2.34986e-18
290.752 -1.48567e-18 -0.0164934 3.20706e-18
291.957 -4.97459e-18 -0.016515 5.09947e-18
293.168 1.98444e-18 -0.0165365 3.79857e-18
294.384 1.24315e-17 -0.0165581 -3.31215e-18
295.607 1.24704e-17 -0.0165796 9.67083e-19
296.836 5.60661e-18 -0.0166012 2.77058e-18
298.071 1.25312e-17 -0.0166228 -3.49794e-18
299.312 -1.38408e-18 -0.0166443 5.40689e-18
300.558 -1.86943e-17 -0.0166659 7.72083e-18
301.811 -8.30717e-18 -0.0166874 -1.00764e-17
303.071 -1.34918e-18 -0.016709 3.78746e-19
304.336 1.25076e-17 -0.0167306 -5.18564e-18
305.607 2.2047e-18 -0.0167521 1.92062e-18
306.885 -1.33734e-18 -0.0167737 2.17201e-18
308.168 -4.84792e-18 -0.0167952 -5.43717e-18
309.458 -1.41399e-18 -0.0168168 -1.47085e-18
310.754 2.12521e-18 -0.0168384 3.01526e-18
312.056 2.16648e-18 -0.0168599 9.81845e-19
313.365 2.15313e-18 -0.0168815 -7.71151e-18
314.679 9.05995e-18 -0.016903 4.48994e-18
316 5.54481e-18 -0.0169246 1.20433e-17
317.327 -1.3776e-18 -0.0169462 4.61829e-18
318.66 -4.78675e-18 -0.0169677 -1.67818e-19
319.999 -8.24959e-18 -0.0169893 2.90157e-18
321.345 9.04885e-18 -0.0170108 1.28767e-18
322.697 -1.39332e-18 -0.0170324 3.7285e-18
324.055 9.08501e-18 -0.017054 8.04111e-19
325.42 -4.78904e-18 -0.0170755 -5.58402e-18
326.791 2.16364e-18 -0.0170971 -2.53348e-18
328.168 2.13557e-18 -0.0171186 8.88745e-18
329.552 -8.30412e-18 -0.0171402 9.24189e-18
330.942 -1.36641e-18 -0.0171618 5.20913e-18
332.338 2.10724e-18 -0.0171833 2.0579e-18
333.74 -4.87837e-18 -0.0172049 3.54696e-18
335.149 1.99525e-18 -0.0172264 -8.44429e-19
336.565 5.45457e-18 -0.017248 -4.61315e-18
337.987 5.53101e-18 -0.0172696 9.06635e-18
339.415 5.50066e-18 -0.0172911 -7.59993e-19
340.849 -4.98792e-18 -0.0173127 7.6988e-18
342.291 -1.5472e-18 -0.0173342 9.08417e-18
343.738 -8.44553e-18 -0.0173558 -3.02469e-18
345.192 -1.5558e-18 -0.0173774 5.89208e-18
346.653 -1.56821e-18 -0.0173989 2.33289e-18
348.119 1.86509e-18 -0.0174205 -1.30286e-18
349.593 1.89908e-18 -0.017442 5.93375e-18
351.073 1.88149e-18 -0.0174636 -5.87677e-19
352.559 1.89391e-18 -0.0174852 -2.70517e-18
354.052 -8.54772e-18 -0.0175067 6.70216e-18
355.552 -5.0784e-18 -0.0175283 -4.68799e-18
357.058 -5.06226e-18 -0.0175498 -4.54705e-18
358.571 -1.6402e-18 -0.0175714 9.82536e-18
360.09 -5.05222e-18 -0.017593 -1.11187e-18
361.616 -8.56404e-18 -0.0176145 6.90738e-18
363.148 -5.10318e-18 -0.0176361 -1.63798e-18
364.687 -1.67136e-18 -0.0176576 4.64463e-18
366.233 -1.59465e-18 -0.0176792 -4.59225e-18
367.785 -5.05448e-18 -0.0177008 1.17294e-17
369.344 -5.05414e-18 -0.0177223 3.01924e-18
370.91 1.92764e-18 -0.0177439 4.42587e-19
372.482 8.84335e-18 -0.0177654 5.82705e-18
374.061 -1.1983e-17 -0.017787 -2.87068e-18
375.647 5.27913e-18 -0.0178086 1.10112e-18
377.239 1.83849e-18 -0.0178301 2.62334e-18
378.839 1.82144e-18 -0.0178517 -3.30848e-18
380.444 1.75e-18 -0.0178732 9.52334e-19
382.057 -1.7229e-18 -0.0178948 -3.55726e-18
383.676 5.24779e-18 -0.0179164 2.34702e-18
385.302 -1.70903e-18 -0.0179379 3.53699e-18
386.935 -1.7413e-18 -0.0179595 -3.88592e-19
388.575 -1.75821e-18 -0.017981 6.10799e-20
390.221 8.66323e-18 -0.0180026 7.12493e-19
391.875 1.77402e-18 -0.0180242 5.59064e-19
393.535 1.84351e-18 -0.0180457 -5.02833e-18
395.202 1.22245e-17 -0.0180673 -9.56102e-19
396.876 1.84265e-18 -0.0180888 1.48014e-18
398.556 8.75779e-18 -0.0181104 1.9872e-18
400.244 8.77608e-18 -0.018132 2.9898e-19
401.938 1.22927e-17 -0.0181535 -1.97345e-18
403.64 1.88233e-18 -0.0181751 1.45957e-18
405.348 -8.55517e-18 -0.0181966 8.36076e-18
407.063 5.31713e-18 -0.0182182 -4.21268e-18
408.785 1.81011e-18 -0.0182398 2.8718e-18
410.514 -1.68368e-18 -0.0182613 3.21127e-18
412.25 -1.63529e-18 -0.0182829 -1.06663e-18
413.993 5.33085e-18 -0.0183044 3.25827e-18
415.743 -1.54436e-18 -0.018326 -2.91824e-18
417.5 -8.55662e-18 -0.0183476 2.95939e-18
419.264 -8.58425e-18 -0.0183691 3.82721e-18
421.034 -1.68243e-18 -0.0183907 -9.0684e-19
422.812 -5.06087e-18 -0.0184122 -1.00943e-17
424.597 5.33292e-18 -0.0184338 -4.04515e-18
426.389 -5.10883e-18 -0.0184554 3.02944e-18
428.188 -1.52869e-18 -0.0184769 -5.74243e-18
429.994 5.36969e-18 -0.0184985 3.02363e-18
431.808 -1.19333e-17 -0.01852 3.00213e-18
433.628 -5.01585e-18 -0.0185416 -2.16826e-18
435.455 -8.46261e-18 -0.0185632 4.5985e-18
437.29 -1.48866e-18 -0.0185847 -6.89449e-19
439.131 -1.19266e-17 -0.0186063 1.12113e-17
440.98 5.41282e-18 -0.0186278 1.66129e-18
442.836 1.93998e-18 -0.0186494 -9.88431e-19
444.699 -1.42704e-18 -0.018671 3.70275e-18
446.569 -4.90954e-18 -0.0186925 -9.14502e-19
448.447 2.03648e-18 -0.0187141 1.24895e-19
450.331 -1.42147e-18 -0.0187356 -5.70472e-18
452.223 5.55333e-18 -0.0187572 7.49363e-19
454.122 2.05695e-18 -0.0187788 6.59464e-18
456.028 -4.82008e-18 -0.0188003 -3.74813e-18
457.942 -8.33148e-18 -0.0188219 -1.28947e-18
459.863 2.08025e-18 -0.0188434 -1.10898e-18
461.791 5.6017e-18 -0.018865 1.82836e-18
463.726 1.60605e-17 -0.0188866 2.18637e-18
465.668 -4.84565e-18 -0.0189081 5.33569e-18
467.618 5.59593e-18 -0.0189297 -3.25219e-18
469.576 2.18822e-18 -0.0189512 1.53375e-18
471.54 9.09483e-18 -0.0189728 2.2818e-18
473.512 5.61282e-18 -0.0189944 6.92852e-18
475.491 -1.34429e-18 -0.0190159 -2.43774e-19
477.478 -4.8845e-18 -0.0190375 5.87424e-18
479.471 1.25411e-17 -0.019059 -6.05602e-18
481.473 1.25074e-17 -0.0190806 4.39064e-18
483.481 -8.24621e-18 -0.0191022 -3.84309e-18
485.497 -4.75781e-18 -0.0191237 -1.48048e-18
487.521 -4.74849e-18 -0.0191453 -6.50617e-18
489.552 -4.71382e-18 -0.0191668 1.34983e-20
491.59 5.70634e-18 -0.0191884 -2.18955e-18
493.636 2.19635e-18 -0.01921 8.32517e-18
495.689 5.65637e-18 -0.0192315 4.13499e-18
497.75 2.22724e-18 -0.0192531 2.0139e-18
499.818 -1.28347e-18 -0.0192746 -2.84285e-18
501.894 -1.29575e-18 -0.0192962 -2.01478e-18
503.977 5.62894e-18 -0.0193178 -4.57464e-18
506.068 -4.74075e-18 -0.0193393 1.06615e-17
508.166 1.26277e-17 -0.0193609 4.92351e-18
510.272 -4.64408e-18 -0.0193824 7.99634e-18
512.385 -4.73865e-18 -0.019404 -5.52084e-18
514.506 -1.31283e-18 -0.0194256 3.39397e-18
516.634 -4.80535e-18 -0.0194471 3.0591e-18
518.771 -4.82326e-18 -0.0194687 1.88938e-18
520.914 -8.2666e-18 -0.0194902 4.80522e-18
523.065 -8.22259e-18 -0.0195118 -1.11747e-18
525.224 5.67315e-18 -0.0195334 -1.36852e-19
527.391 5.73143e-18 -0.0195549 -1.16832e-18
529.565 5.75402e-18 -0.0195765 -3.13241e-18
531.747 2.28559e-18 -0.019598 1.13872e-17
533.936 2.30148e-18 -0.0196196 3.95022e-18
536.133 -1.18057e-18 -0.0196412 6.13133e-18
538.338 -1.1984e-18 -0.0196627 -2.64113e-18
540.551 9.21783e-18 -0.0196843 2.87368e-18
542.771 -8.16619e-18 -0.0197058 5.57396e-18
544.999 -4.82693e-18 -0.0197274 -2.84846e-18
547.235 -4.73608e-18 -0.019749 6.25636e-18
549.478 -8.15072e-18 -0.0197705 -2.23798e-18
551.729 1.26802e-17 -0.0197921 -5.6263e-18
553.988 2.27754e-18 -0.0198136 4.17699e-18
556.255 5.67348e-18 -0.0198352 6.61987e-18
558.53 -1.21889e-18 -0.0198568 6.3941e-18
560.812 -1.16324e-17 -0.0198783 -1.09478e-18
563.102 -1.17033e-17 -0.0198999 -5.87331e-19
565.4 5.60402e-18 -0.0199214 5.2389e-18
567.706 5.654e-18 -0.019943 2.33409e-18
570.02 2.2488e-18 -0.0199646 7.57983e-19
572.341 9.18875e-18 -0.0199861 1.82864e-18
574.671 9.20355e-18 -0.0200077 2.20764e-19
577.008 5.70612e-18 -0.0200292 -8.96539e-19
579.353 2.19885e-18 -0.0200508 9.34043e-18
581.706 2.25905e-18 -0.0200724 7.3299e-18
584.067 -4.7357e-18 -0.0200939 5.08061e-18
586.436 -4.80318e-18 -0.0201155 -2.58063e-18
588.813 -4.72252e-18 -0.020137 3.0586e-18
591.198 -1.17944e-18 -0.0201586 7.98647e-18
593.591 -1.17373e-18 -0.0201802 3.259e-18
595.991 2.33504e-18 -0.0202017 -3.65871e-18
598.4 5.77568e-18 -0.0202233 1.05921e-17
600.817 2.33205e-18 -0.0202448 4.60726e-18
603.242 -8.09846e-18 -0.0202664 -2.54478e-18
605.675 1.27775e-17 -0.020288 5.40863e-19
608.115 9.28482e-18 -0.0203095 7.07154e-19
610.564 -1.09101e-18 -0.0203311 6.74378e-18
613.021 2.30123e-18 -0.0203526 2.78882e-19
615.486 -4.59672e-18 -0.0203742 5.37902e-18
617.959 9.35246e-18 -0.0203958 4.68397e-18
620.44 1.27929e-17 -0.0204173 1.23203e-17
622.93 1.27925e-17 -0.0204389 3.22342e-19
625.427 -8.09632e-18 -0.0204604 9.21131e-18
627.933 2.36237e-18 -0.020482 1.71763e-18
630.446 2.37547e-18 -0.0205036 8.07681e-18
632.968 -1.1502e-17 -0.0205251 -5.66538e-18
635.498 -1.18867e-18 -0.0205467 2.72381e-18
638.036 2.36058e-18 -0.0205682 5.41809e-18
640.582 2.35275e-18 -0.0205898 2.99745e-18
643.137 5.82962e-18 -0.0206114 -1.70356e-19
645.7 5.79877e-18 -0.0206329 9.05614e-18
648.27 -1.1511e-18 -0.0206545 4.11901e-18
650.85 2.39244e-18 -0.020676 6.84529e-18
653.437 -1.07136e-18 -0.0206976 -1.10201e-18
656.033 5.87234e-18 -0.0207192 1.3711e-18
658.637 -1.08838e-18 -0.0207407 2.84614e-18
661.249 -4.58803e-18 -0.0207623 4.49843e-18
663.869 -1.08129e-18 -0.0207838 -6.33113e-19
666.498 1.27757e-17 -0.0208054 5.61708e-18
669.135 -8.0509e-18 -0.020827 1.45617e-18
671.78 -8.14047e-18 -0.0208485 -3.19113e-18
674.434 -4.54024e-18 -0.0208701 -3.07499e-18
677.096 -4.53412e-18 -0.0208916 6.38036e-18
679.766 9.34016e-18 -0.0209132 1.6901e-19
682.445 -1.01739e-18 -0.0209348 1.34706e-18
685.132 2.43131e-18 -0.0209563 9.57549e-19
687.828 5.90842e-18 -0.0209779 1.35525e-18
690.532 -4.51334e-18 -0.0209994 4.1046e-18
693.244 -1.02583e-18 -0.021021 4.33347e-18
695.965 2.49463e-18 -0.0210426 -6.23771e-19
698.694 -7.96811e-18 -0.0210641 -3.17558e-18
701.432 -1.03476e-18 -0.0210857 -2.76696e-18
704.178 -7.98605e-18 -0.0211072 -3.4871e-18
706.933 -9.72851e-19 -0.0211288 1.9943e-19
709.696 -4.47272e-18 -0.0211504 2.75995e-18
712.467 -1.02388e-18 -0.0211719 6.70329e-18
715.247 -9.75304e-19 -0.0211935 6.39412e-19
718.036 9.35331e-18 -0.021215 2.74474e-19
720.833 5.97545e-18 -0.0212366 2.87914e-18
723.639 2.39951e-18 -0.0212582 2.76086e-18
726.453 -4.46591e-18 -0.0212797 -4.27599e-18
729.276 -4.43476e-18 -0.0213013 -6.89237e-18
732.107 2.45172e-18 -0.0213228 -1.10716e-18
734.947 -8.80786e-19 -0.0213444 5.77051e-18
737.795 6.00776e-18 -0.021366 1.84149e-18
740.652 -9.0622e-19 -0.0213875 1.60012e-18
743.518 -7.95459e-18 -0.0214091 -3.31584e-18
746.392 -7.88004e-18 -0.0214306 -1.26218e-18
749.275 -4.41654e-18 -0.0214522 3.47256e-18
752.167 -4.35816e-18 -0.0214738 -5.40977e-18
755.067 -1.12834e-17 -0.0214953 -1.13324e-18
757.976 -9.21973e-19 -0.0215169 -6.07844e-19
760.894 -4.31733e-18 -0.0215384 1.28065e-17
763.821 9.63307e-18 -0.02156 5.1529e-18
