0.01 -0.0003375
0.02 -0.000675
0.03 -0.0010125
0.04 -0.00135
0.05 -0.0016875
0.06 -0.002025
0.07 -0.0023625
0.08 -0.0027
0.09 -0.0030375
0.1 -0.003375
0.11 -0.0037125
0.12 -0.00405
0.13 -0.0043875
0.14 -0.004725
0.15 -0.0050625
0.16 -0.0054
0.17 -0.0057375
0.18 -0.006075
0.19 -0.0064125
0.2 -0.00675
0.21 -0.0070875
0.22 -0.007425
0.23 -0.0077625
0.24 -0.0081
0.25 -0.0084375
0.26 -0.008775
0.27 -0.0091125
0.28 -0.00945
0.29 -0.0097875
0.3 -0.010125
0.31 -0.0104625
0.32 -0.0108
0.33 -0.0111375
0.34 -0.011475
0.35 -0.0118125
0.36 -0.01215
0.37 -0.0124875
0.38 -0.012825
0.39 -0.0131625
0.4 -0.0135
0.41 -0.0138375
0.42 -0.014175
0.43 -0.0145125
0.44 -0.01485
0.45 -0.0151875
0.46 -0.015525
0.47 -0.0158625
0.48 -0.0162
0.49 -0.0165375
0.5 -0.016875
0.51 -0.0172125
0.52 -0.01755
0.53 -0.0178875
0.54 -0.018225
0.55 -0.0185625
0.56 -0.0189
0.57 -0.0192375
0.58 -0.019575
0.59 -0.0199125
0.6 -0.02025
0.61 -0.0205875
0.62 -0.020925
0.63 -0.0212625
0.64 -0.0216
0.65 -0.0219375
0.66 -0.022275
0.67 -0.0226125
0.68 -0.02295
0.69 -0.0232875
0.7 -0.023625
0.71 -0.0239625
0.72 -0.0243
0.73 -0.0246375
0.74 -0.024975
0.75 -0.0253125
0.76 -0.02565
0.77 -0.0259875
0.78 -0.026325
0.79 -0.0266625
0.8 -0.027
0.81 -0.0273375
0.82 -0.027675
0.83 -0.0280125
0.84 -0.02835
0.85 -0.0286875
0.86 -0.029025
0.87 -0.0293625
0.88 -0.0297
0.89 -0.0300375
0.9 -0.030375
0.91 -0.0307125
0.92 -0.03105
0.93 -0.0313875
0.94 -0.031725
0.95 -0.0320625
0.96 -0.0324
0.97 -0.0327375
0.98 -0.033075
0.99 -0.0334125
1 -0.03375
