0.005 37656.5 500 -37656.5 -500
0.01 75639.8 1000 -75639.8 -1000
0.015 113961 1500 -113961 -1500
0.02 152631 2000 -152631 -2000
0.025 191662 2500 -191662 -2500
0.03 231067 3000 -231067 -3000
0.035 270861 3500 -270861 -3500
0.04 311057 4000 -311057 -4000
0.045 351671 4500 -351671 -4500
0.05 392720 5000 -392720 -5000
0.055 434222 5500 -434222 -5500
0.06 476195 6000 -476195 -6000
0.065 518661 6500 -518661 -6500
0.07 561641 7000 -561641 -7000
0.075 605160 7500 -605160 -7500
0.08 649242 8000 -649242 -8000
0.085 693916 8500 -693916 -8500
0.09 739212 9000 -739212 -9000
0.095 785164 9500 -785164 -9500
0.1 831807 10000 -831807 -10000
0.105 879181 10500 -879181 -10500
0.11 927330 11000 -927330 -11000
0.115 976303 11500 -976303 -11500
0.12 1.02615e+06 12000 -1.02615e+06 -12000
0.125 1.07694e+06 12500 -1.07694e+06 -12500
0.13 1.12873e+06 13000 -1.12873e+06 -13000
0.135 1.1816e+06 13500 -1.1816e+06 -13500
0.14 1.23564e+06 14000 -1.23564e+06 -14000
0.145 1.29094e+06 14500 -1.29094e+06 -14500
0.15 1.34763e+06 15000 -1.34763e+06 -15000
0.155 1.40582e+06 15500 -1.40582e+06 -15500
0.16 1.46568e+06 16000 -1.46568e+06 -16000
0.165 1.52738e+06 16500 -1.52738e+06 -16500
0.17 1.59115e+06 17000 -1.59115e+06 -17000
0.175 1.65727e+06 17500 -1.65727e+06 -17500
0.18 1.72605e+06 18000 -1.72605e+06 -18000
0.185 1.79792e+06 18500 -1.79792e+06 -18500
0.19 1.87343e+06 19000 -1.87343e+06 -19000
0.195 1.95332e+06 19500 -1.95332e+06 -19500
0.2 2.03861e+06 20000 -2.03861e+06 -20000
0.205 2.13079e+06 20500 -2.13079e+06 -20500
0.21 2.23226e+06 21000 -2.23226e+06 -21000
0.215 2.3472e+06 21500 -2.3472e+06 -21500
0.22 2.48446e+06 22000 -2.48446e+06 -22000
0.225 2.67185e+06 22500 -2.67185e+06 -22500
