0.02 5.12935e-05 0.0665201 -0.03326
0.04 0.0002034 0.132177 -0.0660885
0.06 0.000451262 0.196186 -0.0980928
0.08 0.000787251 0.257898 -0.128949
0.1 0.00120211 0.316837 -0.158419
0.12 0.00168591 0.372697 -0.186348
0.14 0.00222882 0.425326 -0.212663
0.16 0.00282164 0.474698 -0.237349
0.18 0.00345613 0.520879 -0.260439
0.2 0.00412509 0.563998 -0.281999
0.22 0.0048224 0.604221 -0.30211
0.24 0.00554291 0.641735 -0.320867
0.26 0.00628233 0.676734 -0.338367
0.28 0.00703714 0.709409 -0.354705
0.3 0.00780442 0.739946 -0.369973
0.32 0.0085818 0.768517 -0.384259
0.34 0.00936731 0.795284 -0.397642
0.36 0.0101594 0.820396 -0.410198
0.38 0.0109567 0.843989 -0.421995
0.4 0.0117581 0.866187 -0.433094
0.42 0.0125628 0.887103 -0.443551
0.44 0.0133701 0.906838 -0.453419
0.46 0.0141794 0.925486 -0.462743
0.48 0.0149901 0.943131 -0.471566
0.5 0.0158019 0.959849 -0.479925
0.52 0.0166144 0.975709 -0.487855
0.54 0.0174274 0.990774 -0.495387
0.56 0.0182407 1.0051 -0.502551
0.58 0.019054 1.01874 -0.509371
0.6 0.0198672 1.03174 -0.515872
0.62 0.0206802 1.04415 -0.522076
0.64 0.0214929 1.056 -0.528001
0.66 0.0223052 1.06733 -0.533667
0.68 0.0231171 1.07818 -0.539089
0.7 0.0239284 1.08857 -0.544284
0.72 0.0247392 1.09853 -0.549264
0.74 0.0255494 1.10809 -0.554044
0.76 0.0263589 1.11727 -0.558634
0.78 0.0271679 1.12609 -0.563046
0.8 0.0279762 1.13458 -0.56729
0.82 0.0287839 1.14275 -0.571376
0.84 0.0295909 1.15062 -0.575311
0.86 0.0303973 1.15821 -0.579105
0.88 0.031203 1.16553 -0.582765
0.9 0.0320081 1.17259 -0.586297
0.92 0.0328125 1.17942 -0.589709
0.94 0.0336164 1.18601 -0.593006
0.96 0.0344196 1.19239 -0.596194
0.98 0.0352221 1.19856 -0.599278
1 0.0360241 1.20453 -0.602264
