0.02 10771.6 646775 0
0.04 42713.9 1.28516e+06 -2.32831e-09
0.06 94765 1.90751e+06 -3.07336e-08
0.08 165323 2.50754e+06 -1.17114e-07
0.1 252444 3.08061e+06 -2.22819e-07
0.12 354042 3.62373e+06 -2.76137e-07
0.14 468053 4.13544e+06 -2.48663e-07
0.16 592545 4.61549e+06 -1.78814e-07
0.18 725787 5.06451e+06 -1.07102e-07
0.2 866269 5.48375e+06 -5.68107e-08
0.22 1.0127e+06 5.87484e+06 -2.93367e-08
0.24 1.16401e+06 6.23959e+06 -1.21072e-08
0.26 1.31929e+06 6.57988e+06 -6.51926e-09
0.28 1.4778e+06 6.89759e+06 -2.79397e-09
0.3 1.63893e+06 7.19449e+06 9.31323e-10
0.32 1.80218e+06 7.47229e+06 -1.86265e-09
0.34 1.96714e+06 7.73255e+06 1.86265e-09
0.36 2.13347e+06 7.97671e+06 9.31323e-10
0.38 2.3009e+06 8.20611e+06 1.86265e-09
0.4 2.4692e+06 8.42194e+06 0
0.42 2.6382e+06 8.6253e+06 -2.79397e-09
0.44 2.80773e+06 8.81719e+06 2.79397e-09
0.46 2.97767e+06 8.9985e+06 1.86265e-09
0.48 3.14792e+06 9.17007e+06 -9.31323e-10
0.5 3.3184e+06 9.33261e+06 1.86265e-09
0.52 3.48903e+06 9.48682e+06 1.86265e-09
0.54 3.65976e+06 9.6333e+06 0
0.56 3.83055e+06 9.7726e+06 0
0.58 4.00134e+06 9.90523e+06 -5.58794e-09
0.6 4.17212e+06 1.00317e+07 0
0.62 4.34285e+06 1.01523e+07 -2.79397e-09
0.64 4.51352e+06 1.02675e+07 -1.86265e-09
0.66 4.6841e+06 1.03777e+07 0
0.68 4.85459e+06 1.04831e+07 2.79397e-09
0.7 5.02496e+06 1.05841e+07 -7.56234e-07
0.72 5.19523e+06 1.0681e+07 -5.58794e-07
0.74 5.36537e+06 1.07739e+07 -4.14439e-07
0.76 5.53538e+06 1.08632e+07 -3.09199e-07
0.78 5.70526e+06 1.0949e+07 -2.35625e-07
0.8 5.87501e+06 1.10315e+07 -1.76951e-07
0.82 6.04462e+06 1.1111e+07 -1.36904e-07
0.84 6.21409e+06 1.11875e+07 -1.03377e-07
0.86 6.38343e+06 1.12613e+07 -8.00937e-08
0.88 6.55263e+06 1.13324e+07 -6.0536e-08
0.9 6.7217e+06 1.14011e+07 -4.74975e-08
0.92 6.89064e+06 1.14675e+07 -3.81842e-08
0.94 7.05944e+06 1.15316e+07 -2.8871e-08
0.96 7.22811e+06 1.15936e+07 -1.95578e-08
0.98 7.39665e+06 1.16536e+07 -1.95578e-08
1 7.56507e+06 1.17116e+07 -1.30385e-08
