0.02 8.87103e-08 162050 646775 -8.87103e-08 -162050 0
0.04 -3.26876e-08 324100 1.28516e+06 3.26876e-08 -324100 -2.32831e-09
0.06 2.97018e-08 486150 1.90751e+06 -2.97018e-08 -486150 -3.07336e-08
0.08 -3.18586e-07 648200 2.50754e+06 3.18586e-07 -648200 -1.17114e-07
0.1 -4.77831e-07 810250 3.08061e+06 4.77831e-07 -810250 -2.22819e-07
0.12 -1.01076e-06 972300 3.62373e+06 1.01076e-06 -972300 -2.76137e-07
0.14 -1.19276e-06 1.13435e+06 4.13544e+06 1.19276e-06 -1.13435e+06 -2.48663e-07
0.16 -9.51508e-07 1.2964e+06 4.61549e+06 9.51508e-07 -1.2964e+06 -1.78814e-07
0.18 -7.39628e-07 1.45845e+06 5.06451e+06 7.39628e-07 -1.45845e+06 -1.07102e-07
0.2 -4.30405e-07 1.6205e+06 5.48375e+06 4.30405e-07 -1.6205e+06 -5.68107e-08
0.22 -6.03903e-08 1.78255e+06 5.87484e+06 6.03903e-08 -1.78255e+06 -2.93367e-08
0.24 -5.41962e-08 1.9446e+06 6.23959e+06 5.41962e-08 -1.9446e+06 -1.21072e-08
0.26 -5.8179e-08 2.10665e+06 6.57988e+06 5.8179e-08 -2.10665e+06 -6.51926e-09
0.28 6.49712e-08 2.2687e+06 6.89759e+06 -6.49712e-08 -2.2687e+06 -2.79397e-09
0.3 -9.08801e-08 2.43075e+06 7.19449e+06 9.08801e-08 -2.43075e+06 9.31323e-10
0.32 -7.77355e-09 2.5928e+06 7.47229e+06 7.77355e-09 -2.5928e+06 -1.86265e-09
0.34 5.34171e-08 2.75485e+06 7.73255e+06 -5.34171e-08 -2.75485e+06 1.86265e-09
0.36 1.32418e-07 2.9169e+06 7.97671e+06 -1.32418e-07 -2.9169e+06 9.31323e-10
0.38 5.78562e-08 3.07895e+06 8.20611e+06 -5.78562e-08 -3.07895e+06 1.86265e-09
0.4 2.14204e-08 3.241e+06 8.42194e+06 -2.14204e-08 -3.241e+06 0
0.42 7.37332e-08 3.40305e+06 8.6253e+06 -7.37332e-08 -3.40305e+06 -2.79397e-09
0.44 -1.06276e-08 3.5651e+06 8.81719e+06 1.06276e-08 -3.5651e+06 2.79397e-09
0.46 -4.43328e-08 3.72715e+06 8.9985e+06 4.43328e-08 -3.72715e+06 1.86265e-09
0.48 -6.21207e-08 3.8892e+06 9.17007e+06 6.21207e-08 -3.8892e+06 -9.31323e-10
0.5 -5.85262e-08 4.05125e+06 9.33261e+06 5.85262e-08 -4.05125e+06 1.86265e-09
0.52 2.83237e-08 4.2133e+06 9.48682e+06 -2.83237e-08 -4.2133e+06 1.86265e-09
0.54 -1.18744e-08 4.37535e+06 9.6333e+06 1.18744e-08 -4.37535e+06 0
0.56 -2.32831e-08 4.5374e+06 9.7726e+06 2.32831e-08 -4.5374e+06 0
0.58 5.79552e-08 4.69945e+06 9.90523e+06 -5.79552e-08 -4.69945e+06 -5.58794e-09
0.6 2.18861e-08 4.8615e+06 1.00317e+07 -2.18861e-08 -4.8615e+06 0
0.62 4.45684e-08 5.02355e+06 1.01523e+07 -4.45684e-08 -5.02355e+06 -2.79397e-09
0.64 2.98648e-08 5.1856e+06 1.02675e+07 -2.98648e-08 -5.1856e+06 -1.86265e-09
0.66 -6.84522e-08 5.34765e+06 1.03777e+07 6.84522e-08 -5.34765e+06 0
0.68 -5.90735e-09 5.5097e+06 1.04831e+07 5.90735e-09 -5.5097e+06 2.79397e-09
0.7 -0.000345106 5.67175e+06 1.05841e+07 0.000345106 -5.67175e+06 -7.56234e-07
0.72 -0.000239775 5.8338e+06 1.0681e+07 0.000239775 -5.8338e+06 -5.58794e-07
0.74 -0.000167725 5.99585e+06 1.07739e+07 0.000167725 -5.99585e+06 -4.14439e-07
0.76 -0.000118089 6.1579e+06 1.08632e+07 0.000118089 -6.1579e+06 -3.09199e-07
0.78 -8.36572e-05 6.31995e+06 1.0949e+07 8.36572e-05 -6.31995e+06 -2.35625e-07
0.8 -5.96538e-05 6.482e+06 1.10315e+07 5.96538e-05 -6.482e+06 -1.76951e-07
0.82 -4.28066e-05 6.64405e+06 1.1111e+07 4.28066e-05 -6.64405e+06 -1.36904e-07
0.84 -3.08162e-05 6.8061e+06 1.11875e+07 3.08162e-05 -6.8061e+06 -1.03377e-07
0.86 -2.23476e-05 6.96815e+06 1.12613e+07 2.23476e-05 -6.96815e+06 -8.00937e-08
0.88 -1.63678e-05 7.1302e+06 1.13324e+07 1.63678e-05 -7.1302e+06 -6.0536e-08
0.9 -1.19448e-05 7.29225e+06 1.14011e+07 1.19448e-05 -7.29225e+06 -4.74975e-08
0.92 -8.78507e-06 7.4543e+06 1.14675e+07 8.78507e-06 -7.4543e+06 -3.81842e-08
0.94 -6.55011e-06 7.61635e+06 1.15316e+07 6.55011e-06 -7.61635e+06 -2.8871e-08
0.96 -4.79756e-06 7.7784e+06 1.15936e+07 4.79756e-06 -7.7784e+06 -1.95578e-08
0.98 -3.66368e-06 7.94045e+06 1.16536e+07 3.66368e-06 -7.94045e+06 -1.95578e-08
1 -2.73319e-06 8.1025e+06 1.17116e+07 2.73319e-06 -8.1025e+06 -1.30385e-08
