0.02 -0.265888
0.04 -0.527197
0.06 -0.779806
0.08 -1.0204
0.1 -1.24663
0.12 -1.45713
0.14 -1.65139
0.16 -1.82957
0.18 -1.99229
0.2 -2.14048
0.22 -2.27522
0.24 -2.39766
0.26 -2.50893
0.28 -2.61013
0.3 -2.70225
0.32 -2.78624
0.34 -2.86294
0.36 -2.93309
0.38 -2.99739
0.4 -3.05642
0.42 -3.11072
0.44 -3.16077
0.46 -3.20698
0.48 -3.24974
0.5 -3.28936
0.52 -3.32616
0.54 -3.36038
0.56 -3.39226
0.58 -3.42202
0.6 -3.44983
0.62 -3.47587
0.64 -3.50028
0.66 -3.52321
0.68 -3.54476
0.7 -3.56505
0.72 -3.58419
0.74 -3.60225
0.76 -3.61932
0.78 -3.63548
0.8 -3.65078
0.82 -3.6653
0.84 -3.67909
0.86 -3.69219
0.88 -3.70466
0.9 -3.71654
0.92 -3.72787
0.94 -3.73868
0.96 -3.749
0.98 -3.75887
1 -3.76832
