0.01 -0.00434823
0.02 -0.00870096
0.03 -0.0130501
0.04 -0.0173875
0.05 -0.0217054
0.06 -0.025996
0.07 -0.0302519
0.08 -0.0344661
0.09 -0.0386322
0.1 -0.042744
0.11 -0.046796
0.12 -0.0507833
0.13 -0.0547014
0.14 -0.0585466
0.15 -0.0623157
0.16 -0.066006
0.17 -0.0696153
0.18 -0.073142
0.19 -0.076585
0.2 -0.0799435
0.21 -0.0832173
0.22 -0.0864064
0.23 -0.0895111
0.24 -0.0925322
0.25 -0.0954705
0.26 -0.0983272
0.27 -0.101104
0.28 -0.103801
0.29 -0.106422
0.3 -0.108967
0.31 -0.111438
0.32 -0.113838
0.33 -0.116167
0.34 -0.118429
0.35 -0.120624
0.36 -0.122756
0.37 -0.124825
0.38 -0.126834
0.39 -0.128785
0.4 -0.130679
0.41 -0.132519
0.42 -0.134306
0.43 -0.136042
0.44 -0.137728
0.45 -0.139367
0.46 -0.14096
0.47 -0.142509
0.48 -0.144014
0.49 -0.145478
0.5 -0.146902
0.51 -0.148287
0.52 -0.149635
0.53 -0.150947
0.54 -0.152225
0.55 -0.153468
0.56 -0.15468
0.57 -0.155859
0.58 -0.157009
0.59 -0.15813
0.6 -0.159222
0.61 -0.160287
0.62 -0.161325
0.63 -0.162338
0.64 -0.163327
0.65 -0.164291
0.66 -0.165233
0.67 -0.166152
0.68 -0.16705
0.69 -0.167927
0.7 -0.168784
0.71 -0.169621
0.72 -0.17044
0.73 -0.17124
0.74 -0.172022
0.75 -0.172787
0.76 -0.173536
0.77 -0.174268
0.78 -0.174985
0.79 -0.175687
0.8 -0.176374
0.81 -0.177046
0.82 -0.177705
0.83 -0.178351
0.84 -0.178983
0.85 -0.179603
0.86 -0.180211
0.87 -0.180807
0.88 -0.181391
0.89 -0.181964
0.9 -0.182526
0.91 -0.183077
0.92 -0.183618
0.93 -0.184149
0.94 -0.18467
0.95 -0.185182
0.96 -0.185685
0.97 -0.186179
0.98 -0.186664
0.99 -0.18714
1 -0.187608
