0.02 794.61 646494 -614084 2329.74 614084 -581677 3783.68 581677 -549276 5156.34 549276 -516882 6447.72 516882 -484498 7657.82 484498 -452123 8786.67 452123 -419761 9834.34 419761 -387410 10800.9 387410 -355072 11686.5 355072 -322746 12491.1 322746 -290432 13214.9 290432 -258129 13857.9 258129 -225837 14420.4 225837 -193555 14902.3 193555 -161282 15303.7 161282 -129016 15624.8 129016 -96756.8 15865.6 96756.8 -64501.9 16026 64501.9 -32250.1 16106.3 32250.1 2.86078e-05
0.04 3153.55 1.28305e+06 -1.21823e+06 9243.52 1.21823e+06 -1.15344e+06 15006.6 1.15344e+06 -1.08868e+06 20441.9 1.08868e+06 -1.02399e+06 25548.9 1.02399e+06 -959371 30328 959371 -894833 34779.5 894833 -830385 38904.6 830385 -766030 42704.3 766030 -701772 46180.1 701772 -637610 49333.4 637610 -573542 52165.8 573542 -509563 54678.8 509563 -445668 56874 445668 -381849 58752.7 381849 -318099 60316.1 318099 -254407 61565.5 254407 -190762 62501.7 190762 -127154 63125.5 127154 -63571 63437.2 63571 2.80986e-05
0.06 7007.32 1.90109e+06 -1.80387e+06 20530.6 1.80387e+06 -1.70672e+06 33311.2 1.70672e+06 -1.60972e+06 45344.4 1.60972e+06 -1.51291e+06 56628.7 1.51291e+06 -1.41633e+06 67164.8 1.41633e+06 -1.32003e+06 76955.9 1.32003e+06 -1.22401e+06 86006.3 1.22401e+06 -1.12831e+06 94322.1 1.12831e+06 -1.03292e+06 101910 1.03292e+06 -937834 108777 937834 -843057 114930 843057 -748570 120378 748570 -654355 125127 654355 -560386 129184 560386 -466638 132555 466638 -373077 135245 373077 -279670 137258 279670 -186381 138599 186381 -93170.4 139268 93170.4 -4.31828e-08
0.08 12254.9 2.49432e+06 -2.3647e+06 35884.5 2.3647e+06 -2.23526e+06 58177.6 2.23526e+06 -2.10613e+06 79120.3 2.10613e+06 -1.97745e+06 98707.9 1.97745e+06 -1.84931e+06 116944 1.84931e+06 -1.72177e+06 133837 1.72177e+06 -1.59491e+06 149401 1.59491e+06 -1.46874e+06 163655 1.46874e+06 -1.34327e+06 176617 1.34327e+06 -1.21851e+06 188310 1.21851e+06 -1.09443e+06 198757 1.09443e+06 -971010 207977 971010 -848193 215994 848193 -725931 222825 725931 -604159 228489 604159 -482808 233002 482808 -361799 236375 361799 -241052 238618 241052 -120482 239738 120482 1.44064e-08
0.1 18779.2 3.05894e+06 -2.89693e+06 54951 2.89693e+06 -2.73525e+06 89005.1 2.73525e+06 -2.57416e+06 120910 2.57416e+06 -2.4139e+06 150658 2.4139e+06 -2.25465e+06 178255 2.25465e+06 -2.09653e+06 203724 2.09653e+06 -1.93965e+06 227099 1.93965e+06 -1.78406e+06 248420 1.78406e+06 -1.62976e+06 267733 1.62976e+06 -1.47677e+06 285087 1.47677e+06 -1.32503e+06 300532 1.32503e+06 -1.17448e+06 314118 1.17448e+06 -1.02505e+06 325891 1.02505e+06 -876630 335895 876630 -729102 344169 729102 -582338 350746 582338 -436197 355654 436197 -290531 358914 290531 -145185 360541 145185 2.4469e-07
0.12 26461 3.59337e+06 -3.39897e+06 77368.3 3.39897e+06 -3.20511e+06 125181 3.20511e+06 -3.01224e+06 169841 3.01224e+06 -2.82073e+06 211331 2.82073e+06 -2.63087e+06 249671 2.63087e+06 -2.44288e+06 284904 2.44288e+06 -2.25689e+06 317097 2.25689e+06 -2.07299e+06 346330 2.07299e+06 -1.89121e+06 372691 1.89121e+06 -1.71153e+06 396275 1.71153e+06 -1.53387e+06 417177 1.53387e+06 -1.35813e+06 435490 1.35813e+06 -1.18417e+06 451301 1.18417e+06 -1.01184e+06 464692 1.01184e+06 -840930 475735 840930 -671242 484493 671242 -502546 491016 502546 -334606 495342 334606 -167175 497499 167175 2.87837e-08
0.14 35187.6 4.09767e+06 -3.8709e+06 102795 3.8709e+06 -3.64494e+06 166128 3.64494e+06 -3.42047e+06 225088 3.42047e+06 -3.19805e+06 279651 3.19805e+06 -2.97811e+06 329855 2.97811e+06 -2.76096e+06 375779 2.76096e+06 -2.54681e+06 417539 2.54681e+06 -2.33576e+06 455274 2.33576e+06 -2.12785e+06 489137 2.12785e+06 -1.92304e+06 519289 1.92304e+06 -1.72121e+06 545890 1.72121e+06 -1.52221e+06 569095 1.52221e+06 -1.32582e+06 589051 1.32582e+06 -1.1318e+06 605892 1.1318e+06 -939869 619737 939869 -749710 630688 749710 -560997 638827 560997 -373382 644218 373382 -186505 646902 186505 -7.19592e-08
0.16 44857.7 4.57304e+06 -4.3139e+06 130925 4.3139e+06 -4.05591e+06 211327 4.05591e+06 -3.80003e+06 285914 3.80003e+06 -3.54705e+06 354657 3.54705e+06 -3.29756e+06 417618 3.29756e+06 -3.05198e+06 474933 3.05198e+06 -2.81059e+06 526787 2.81059e+06 -2.57353e+06 573402 2.57353e+06 -2.34083e+06 615020 2.34083e+06 -2.11242e+06 651890 2.11242e+06 -1.88813e+06 684261 1.88813e+06 -1.66773e+06 712372 1.66773e+06 -1.45092e+06 736445 1.45092e+06 -1.23735e+06 756683 1.23735e+06 -1.02663e+06 773266 1.02663e+06 -818327 786346 818327 -611997 796046 611997 -407161 802460 407161 -203328 805651 203328 2.15892e-07
0.18 55382.9 5.02127e+06 -4.72978e+06 161490 4.72978e+06 -4.43982e+06 260326 4.43982e+06 -4.15273e+06 351679 4.15273e+06 -3.86953e+06 435515 3.86953e+06 -3.591e+06 511937 3.591e+06 -3.31771e+06 581153 3.31771e+06 -3.04999e+06 643447 3.04999e+06 -2.78802e+06 699149 2.78802e+06 -2.53182e+06 748615 2.53182e+06 -2.28126e+06 792210 2.28126e+06 -2.03613e+06 830294 2.03613e+06 -1.79608e+06 863209 1.79608e+06 -1.56073e+06 891274 1.56073e+06 -1.3296e+06 914775 1.3296e+06 -1.10217e+06 933965 1.10217e+06 -877886 949057 877886 -656153 960224 656153 -436353 967596 436353 -217850 971259 217850 -0.000101643
0.2 66687.5 5.44446e+06 -5.12061e+06 194262 5.12061e+06 -4.79877e+06 312740 4.79877e+06 -4.48064e+06 421836 4.48064e+06 -4.16756e+06 521516 4.16756e+06 -3.86051e+06 611942 3.86051e+06 -3.56019e+06 693419 3.56019e+06 -3.26702e+06 766355 3.26702e+06 -2.98119e+06 831216 2.98119e+06 -2.7027e+06 888504 2.7027e+06 -2.43137e+06 938723 2.43137e+06 -2.16689e+06 982369 2.16689e+06 -1.90884e+06 1.01991e+06 1.90884e+06 -1.65667e+06 1.05177e+06 1.65667e+06 -1.4098e+06 1.07835e+06 1.4098e+06 -1.16757e+06 1.09998e+06 1.16757e+06 -929261 1.11693e+06 929261 -694131 1.12945e+06 694131 -461407 1.13769e+06 461407 -230298 1.14179e+06 230298 -3.91056e-05
0.22 78707.1 5.84475e+06 -5.48855e+06 229045 5.48855e+06 -5.1349e+06 368240 5.1349e+06 -4.78593e+06 495922 4.78593e+06 -4.44329e+06 612064 4.44329e+06 -4.10821e+06 716907 4.10821e+06 -3.78153e+06 810881 3.78153e+06 -3.46373e+06 894545 3.46373e+06 -3.15504e+06 968539 3.15504e+06 -2.8554e+06 1.03353e+06 2.8554e+06 -2.56457e+06 1.0902e+06 2.56457e+06 -2.28215e+06 1.13919e+06 2.28215e+06 -2.00757e+06 1.18113e+06 2.00757e+06 -1.74018e+06 1.21656e+06 1.74018e+06 -1.47923e+06 1.24599e+06 1.47923e+06 -1.2239e+06 1.26985e+06 1.2239e+06 -973326 1.28851e+06 973326 -726596 1.30224e+06 726596 -482773 1.31128e+06 482773 -240898 1.31576e+06 240898 -1.41483e-05
0.24 91387.2 6.22423e+06 -5.8357e+06 265674 5.8357e+06 -5.45031e+06 426549 5.45031e+06 -5.07067e+06 573545 5.07067e+06 -4.69879e+06 706657 4.69879e+06 -4.33616e+06 826224 4.33616e+06 -3.98374e+06 932832 3.98374e+06 -3.64211e+06 1.02723e+06 3.64211e+06 -3.31148e+06 1.11025e+06 3.31148e+06 -2.99176e+06 1.18277e+06 2.99176e+06 -2.68261e+06 1.24566e+06 2.68261e+06 -2.38352e+06 1.29974e+06 2.38352e+06 -2.09379e+06 1.34581e+06 2.09379e+06 -1.81261e+06 1.38456e+06 1.81261e+06 -1.53906e+06 1.41661e+06 1.53906e+06 -1.27218e+06 1.4425e+06 1.27218e+06 -1.01091e+06 1.46268e+06 1.01091e+06 -754181 1.4775e+06 754181 -500875 1.48723e+06 500875 -249863 1.49205e+06 249863 -4.69209e-06
0.26 104681 6.58487e+06 -6.164e+06 304010 6.164e+06 -5.74693e+06 487431 5.74693e+06 -5.3368e+06 654376 5.3368e+06 -4.936e+06 804873 4.936e+06 -4.54626e+06 939385 4.54626e+06 -4.16872e+06 1.05869e+06 4.16872e+06 -3.804e+06 1.16375e+06 3.804e+06 -3.4523e+06 1.25563e+06 3.4523e+06 -3.11348e+06 1.33546e+06 3.11348e+06 -2.78711e+06 1.4043e+06 2.78711e+06 -2.47252e+06 1.46321e+06 2.47252e+06 -2.16888e+06 1.51313e+06 2.16888e+06 -1.8752e+06 1.55493e+06 1.8752e+06 -1.59041e+06 1.58936e+06 1.59041e+06 -1.31334e+06 1.61707e+06 1.31334e+06 -1.04278e+06 1.6386e+06 1.04278e+06 -777463 1.65437e+06 777463 -516102 1.66471e+06 516102 -257388 1.66983e+06 257388 -1.05068e-06
0.28 118550 6.92843e+06 -6.47525e+06 343933 6.47525e+06 -6.02657e+06 550686 6.02657e+06 -5.58611e+06 738135 5.58611e+06 -5.15668e+06 906354 5.15668e+06 -4.74027e+06 1.05596e+06 4.74027e+06 -4.33817e+06 1.18796e+06 4.33817e+06 -3.95107e+06 1.30357e+06 3.95107e+06 -3.57913e+06 1.40412e+06 3.57913e+06 -3.22214e+06 1.491e+06 3.22214e+06 -2.87954e+06 1.56552e+06 2.87954e+06 -2.55053e+06 1.62895e+06 2.55053e+06 -2.2341e+06 1.68244e+06 2.2341e+06 -1.9291e+06 1.72702e+06 1.9291e+06 -1.63426e+06 1.7636e+06 1.63426e+06 -1.34823e+06 1.79292e+06 1.34823e+06 -1.06961e+06 1.81564e+06 1.06961e+06 -796960 1.83224e+06 796960 -528802 1.8431e+06 528802 -263649 1.84847e+06 263649 -6.7646e-07
0.3 132959 7.25654e+06 -6.77104e+06 385340 6.77104e+06 -6.29082e+06 616142 6.29082e+06 -5.8202e+06 824582 5.8202e+06 -5.36243e+06 1.0108e+06 5.36243e+06 -4.91978e+06 1.1756e+06 4.91978e+06 -4.49367e+06 1.32024e+06 4.49367e+06 -4.08484e+06 1.44624e+06 4.08484e+06 -3.69342e+06 1.55524e+06 3.69342e+06 -3.31911e+06 1.64889e+06 3.31911e+06 -2.96122e+06 1.7288e+06 2.96122e+06 -2.61877e+06 1.79646e+06 2.61877e+06 -2.29057e+06 1.85325e+06 2.29057e+06 -1.9753e+06 1.90036e+06 1.9753e+06 -1.67148e+06 1.93884e+06 1.67148e+06 -1.37759e+06 1.96959e+06 1.37759e+06 -1.09201e+06 1.99333e+06 1.09201e+06 -813133 2.01064e+06 813133 -539285 2.02195e+06 539285 -268801 2.02753e+06 268801 1.15135e-07
0.32 147880 7.57064e+06 -7.05283e+06 428145 7.05283e+06 -6.54113e+06 683654 6.54113e+06 -6.04051e+06 913512 6.04051e+06 -5.55468e+06 1.11795e+06 5.55468e+06 -5.08618e+06 1.29799e+06 5.08618e+06 -4.63658e+06 1.4552e+06 4.63658e+06 -4.20665e+06 1.59141e+06 4.20665e+06 -3.79648e+06 1.70859e+06 3.79648e+06 -3.40565e+06 1.80874e+06 3.40565e+06 -3.03331e+06 1.89374e+06 3.03331e+06 -2.67831e+06 1.96535e+06 2.67831e+06 -2.33929e+06 2.02515e+06 2.33929e+06 -2.0147e+06 2.07454e+06 2.0147e+06 -1.70287e+06 2.11472e+06 1.70287e+06 -1.40208e+06 2.1467e+06 1.40208e+06 -1.11052e+06 2.17133e+06 1.11052e+06 -826387 2.18924e+06 826387 -547824 2.20091e+06 547824 -272981 2.20667e+06 272981 3.74217e-07
0.34 163288 7.87201e+06 -7.3219e+06 472269 7.3219e+06 -6.77878e+06 753092 6.77878e+06 -6.24832e+06 1.00475e+06 6.24832e+06 -5.73469e+06 1.22758e+06 5.73469e+06 -5.24073e+06 1.42288e+06 5.24073e+06 -4.76814e+06 1.59253e+06 4.76814e+06 -4.31771e+06 1.73874e+06 4.31771e+06 -3.88946e+06 1.86387e+06 3.88946e+06 -3.48284e+06 1.97022e+06 3.48284e+06 -3.09685e+06 2.06002e+06 3.09685e+06 -2.73013e+06 2.13529e+06 2.73013e+06 -2.38113e+06 2.19784e+06 2.38113e+06 -2.04807e+06 2.24928e+06 2.04807e+06 -1.7291e+06 2.29095e+06 1.7291e+06 -1.42228e+06 2.324e+06 1.42228e+06 -1.12561e+06 2.34937e+06 1.12561e+06 -837077 2.36777e+06 837077 -554655 2.37975e+06 554655 -276309 2.38565e+06 276309 -2.87837e-08
0.36 179159 8.16179e+06 -7.57939e+06 517648 7.57939e+06 -7.00491e+06 824345 7.00491e+06 -6.44476e+06 1.09814e+06 6.44476e+06 -5.9036e+06 1.33951e+06 5.9036e+06 -5.38454e+06 1.55004e+06 5.38454e+06 -4.88944e+06 1.73199e+06 4.88944e+06 -4.41907e+06 1.88799e+06 4.41907e+06 -3.97338e+06 2.02079e+06 3.97338e+06 -3.55166e+06 2.13307e+06 3.55166e+06 -3.15274e+06 2.22738e+06 3.15274e+06 -2.77507e+06 2.30604e+06 2.77507e+06 -2.41685e+06 2.37109e+06 2.41685e+06 -2.07611e+06 2.42435e+06 2.07611e+06 -1.75078e+06 2.46732e+06 1.75078e+06 -1.4387e+06 2.50128e+06 1.4387e+06 -1.13768e+06 2.52727e+06 1.13768e+06 -845513 2.54607e+06 845513 -559988 2.55829e+06 559988 -278888 2.5643e+06 278888 1.43948e-07
0.38 195476 8.44099e+06 -7.8263e+06 564221 7.8263e+06 -7.22053e+06 897316 7.22053e+06 -6.63085e+06 1.19355e+06 6.63085e+06 -6.0624e+06 1.45356e+06 6.0624e+06 -5.51861e+06 1.67928e+06 5.51861e+06 -5.00144e+06 1.87338e+06 5.00144e+06 -4.51167e+06 2.03894e+06 4.51167e+06 -4.04913e+06 2.17913e+06 4.04913e+06 -3.61297e+06 2.29706e+06 3.61297e+06 -3.2018e+06 2.3956e+06 3.2018e+06 -2.81386e+06 2.47738e+06 2.81386e+06 -2.44714e+06 2.54471e+06 2.44714e+06 -2.09942e+06 2.59957e+06 2.09942e+06 -1.76842e+06 2.64367e+06 1.76842e+06 -1.45177e+06 2.6784e+06 1.45177e+06 -1.14709e+06 2.70489e+06 1.14709e+06 -851965 2.72402e+06 851965 -564003 2.73642e+06 564003 -280810 2.74251e+06 280810 2.87837e-08
0.4 212220 8.71052e+06 -8.06355e+06 611937 8.06355e+06 -7.42655e+06 971918 7.42655e+06 -6.80746e+06 1.29086e+06 6.80746e+06 -6.21198e+06 1.5696e+06 6.21198e+06 -5.64381e+06 1.81043e+06 5.64381e+06 -5.10501e+06 2.01651e+06 5.10501e+06 -4.59634e+06 2.19139e+06 4.59634e+06 -4.11752e+06 2.33872e+06 4.11752e+06 -3.66752e+06 2.46201e+06 3.66752e+06 -3.24473e+06 2.56452e+06 3.24473e+06 -2.84717e+06 2.64917e+06 2.84717e+06 -2.47258e+06 2.71854e+06 2.47258e+06 -2.11853e+06 2.77483e+06 2.11853e+06 -1.78249e+06 2.81989e+06 1.78249e+06 -1.4619e+06 2.85525e+06 1.4619e+06 -1.15416e+06 2.88214e+06 1.15416e+06 -856672 2.90151e+06 856672 -566860 2.91404e+06 566860 -282155 2.9202e+06 282155 2.30299e-07
0.42 229376 8.97118e+06 -8.29193e+06 660749 8.29193e+06 -7.62374e+06 1.04807e+06 7.62374e+06 -6.97541e+06 1.38996e+06 6.97541e+06 -6.35313e+06 1.68748e+06 6.35313e+06 -5.76091e+06 1.94335e+06 5.76091e+06 -5.2009e+06 2.16122e+06 5.2009e+06 -4.67381e+06 2.34519e+06 4.67381e+06 -4.17925e+06 2.49938e+06 4.17925e+06 -3.71597e+06 2.62776e+06 3.71597e+06 -3.28215e+06 2.73398e+06 3.28215e+06 -2.87556e+06 2.82128e+06 2.87556e+06 -2.4937e+06 2.89248e+06 2.4937e+06 -2.13389e+06 2.95001e+06 2.13389e+06 -1.7934e+06 2.99588e+06 1.7934e+06 -1.46942e+06 3.03175e+06 1.46942e+06 -1.15916e+06 3.05895e+06 1.15916e+06 -859838 3.07849e+06 859838 -568696 3.09112e+06 568696 -282991 3.09731e+06 282991 3.74217e-07
0.44 246931 9.22366e+06 -8.51215e+06 710617 8.51215e+06 -7.81284e+06 1.12572e+06 7.81284e+06 -7.13539e+06 1.49076e+06 7.13539e+06 -6.48655e+06 1.80709e+06 6.48655e+06 -5.8706e+06 2.0779e+06 5.8706e+06 -5.28978e+06 2.30738e+06 5.28978e+06 -4.74474e+06 2.50019e+06 4.74474e+06 -4.23494e+06 2.66098e+06 4.23494e+06 -3.75892e+06 2.7942e+06 3.75892e+06 -3.31462e+06 2.90388e+06 3.31462e+06 -2.89955e+06 2.99359e+06 2.89955e+06 -2.51096e+06 3.06643e+06 2.51096e+06 -2.14593e+06 3.12503e+06 2.14593e+06 -1.80149e+06 3.17158e+06 1.80149e+06 -1.47462e+06 3.20786e+06 1.47462e+06 -1.16233e+06 3.23528e+06 1.16233e+06 -861647 3.25493e+06 861647 -569633 3.26761e+06 569633 -283380 3.27382e+06 283380 -3.74217e-07
0.46 264871 9.46862e+06 -8.72484e+06 761502 8.72484e+06 -7.99447e+06 1.20478e+06 7.99447e+06 -7.28805e+06 1.59317e+06 7.28805e+06 -6.61287e+06 1.92834e+06 6.61287e+06 -5.9735e+06 2.21397e+06 5.9735e+06 -5.37226e+06 2.45486e+06 5.37226e+06 -4.80971e+06 2.65627e+06 4.80971e+06 -4.28515e+06 2.82341e+06 4.28515e+06 -3.79689e+06 2.96121e+06 3.79689e+06 -3.34262e+06 3.07411e+06 3.34262e+06 -2.91958e+06 3.16603e+06 2.91958e+06 -2.52476e+06 3.24033e+06 2.52476e+06 -2.15499e+06 3.29985e+06 2.15499e+06 -1.80707e+06 3.34695e+06 1.80707e+06 -1.47777e+06 3.38353e+06 1.47777e+06 -1.16388e+06 3.41109e+06 1.16388e+06 -862255 3.43081e+06 862255 -569778 3.4435e+06 569778 -283374 3.44971e+06 283374 0
0.48 283187 9.70662e+06 -8.93058e+06 813371 8.93058e+06 -8.1692e+06 1.28521e+06 8.1692e+06 -7.43394e+06 1.69713e+06 7.43394e+06 -6.73265e+06 2.05113e+06 6.73265e+06 -6.07017e+06 2.35146e+06 6.07017e+06 -5.44887e+06 2.60357e+06 5.44887e+06 -4.86924e+06 2.81334e+06 4.86924e+06 -4.33038e+06 2.98657e+06 4.33038e+06 -3.83036e+06 3.1287e+06 3.83036e+06 -3.36659e+06 3.2446e+06 3.36659e+06 -2.93606e+06 3.33852e+06 2.93606e+06 -2.53546e+06 3.41411e+06 2.53546e+06 -2.16141e+06 3.47442e+06 2.16141e+06 -1.81043e+06 3.52195e+06 1.81043e+06 -1.47909e+06 3.55874e+06 1.47909e+06 -1.164e+06 3.58639e+06 1.164e+06 -861803 3.60611e+06 861803 -569222 3.61879e+06 569222 -283021 3.62499e+06 283021 -2.87837e-08
0.5 301868 9.93816e+06 -9.12987e+06 866192 9.12987e+06 -8.33754e+06 1.36696e+06 8.33754e+06 -7.57357e+06 1.80256e+06 7.57357e+06 -6.84638e+06 2.17538e+06 6.84638e+06 -6.16108e+06 2.49028e+06 6.16108e+06 -5.52009e+06 2.75339e+06 5.52009e+06 -4.92379e+06 2.97129e+06 4.92379e+06 -4.37105e+06 3.15037e+06 4.37105e+06 -3.85972e+06 3.2966e+06 3.85972e+06 -3.38691e+06 3.41528e+06 3.38691e+06 -2.94932e+06 3.51103e+06 2.94932e+06 -2.54339e+06 3.58775e+06 2.54339e+06 -2.16544e+06 3.6487e+06 2.16544e+06 -1.8118e+06 3.69657e+06 1.8118e+06 -1.4788e+06 3.73349e+06 1.4788e+06 -1.16285e+06 3.76116e+06 1.16285e+06 -860414 3.78085e+06 860414 -568049 3.79348e+06 568049 -282361 3.79965e+06 282361 4.03001e-07
0.52 320904 1.01637e+07 -9.32317e+06 919938 9.32317e+06 -8.49994e+06 1.44997e+06 8.49994e+06 -7.70739e+06 1.90939e+06 7.70739e+06 -6.95452e+06 2.30101e+06 6.95452e+06 -6.24669e+06 2.63034e+06 6.24669e+06 -5.58635e+06 2.90426e+06 5.58635e+06 -4.97376e+06 3.13004e+06 4.97376e+06 -4.40758e+06 3.31473e+06 4.40758e+06 -3.88535e+06 3.46484e+06 3.88535e+06 -3.40393e+06 3.5861e+06 3.40393e+06 -2.95969e+06 3.68349e+06 2.95969e+06 -2.54881e+06 3.7612e+06 2.54881e+06 -2.16736e+06 3.82269e+06 2.16736e+06 -1.8114e+06 3.87079e+06 1.8114e+06 -1.47707e+06 3.90777e+06 1.47707e+06 -1.16057e+06 3.9354e+06 1.16057e+06 -858195 3.95502e+06 858195 -566331 3.96759e+06 566331 -281431 3.97372e+06 281431 -5.75674e-08
0.54 340286 1.03837e+07 -9.5109e+06 974582 9.5109e+06 -8.65682e+06 1.53422e+06 8.65682e+06 -7.83582e+06 2.01757e+06 7.83582e+06 -7.05747e+06 2.42795e+06 7.05747e+06 -6.32739e+06 2.77158e+06 6.32739e+06 -5.64804e+06 3.0561e+06 5.64804e+06 -5.01954e+06 3.28953e+06 5.01954e+06 -4.4403e+06 3.4796e+06 4.4403e+06 -3.90759e+06 3.63336e+06 3.90759e+06 -3.41794e+06 3.75701e+06 3.41794e+06 -2.96745e+06 3.85589e+06 2.96745e+06 -2.55199e+06 3.93444e+06 2.55199e+06 -2.16737e+06 3.99635e+06 2.16737e+06 -1.80943e+06 4.04461e+06 1.80943e+06 -1.47406e+06 4.08159e+06 1.47406e+06 -1.15729e+06 4.10913e+06 1.15729e+06 -855243 4.12864e+06 855243 -564130 4.14112e+06 564130 -280262 4.1472e+06 280262 1.43918e-07
0.56 360008 1.05984e+07 -9.69341e+06 1.0301e+06 9.69341e+06 -8.80855e+06 1.61964e+06 8.80855e+06 -7.95921e+06 2.12705e+06 7.95921e+06 -7.1556e+06 2.55615e+06 7.1556e+06 -6.40354e+06 2.91392e+06 6.40354e+06 -5.70551e+06 3.20883e+06 5.70551e+06 -5.06145e+06 3.44969e+06 5.06145e+06 -4.46954e+06 3.64491e+06 4.46954e+06 -3.92672e+06 3.80212e+06 3.92672e+06 -3.42923e+06 3.92798e+06 3.42923e+06 -2.97284e+06 4.02818e+06 2.97284e+06 -2.55314e+06 4.10746e+06 2.55314e+06 -2.16567e+06 4.16969e+06 2.16567e+06 -1.80603e+06 4.21802e+06 1.80603e+06 -1.46991e+06 4.25494e+06 1.46991e+06 -1.15313e+06 4.28236e+06 1.15313e+06 -851642 4.30173e+06 851642 -561505 4.3141e+06 561505 -278882 4.32012e+06 278882 -1.43948e-07
0.58 380060 1.08083e+07 -9.87106e+06 1.08647e+06 9.87106e+06 -8.95545e+06 1.70622e+06 8.95545e+06 -8.07792e+06 2.23778e+06 8.07792e+06 -7.24923e+06 2.68554e+06 7.24923e+06 -6.47546e+06 3.0573e+06 6.47546e+06 -5.75906e+06 3.3624e+06 5.75906e+06 -5.0998e+06 3.61047e+06 5.0998e+06 -4.49557e+06 3.81062e+06 4.49557e+06 -3.94302e+06 3.97107e+06 3.94302e+06 -3.43804e+06 4.09897e+06 3.43804e+06 -2.97609e+06 4.20036e+06 2.97609e+06 -2.55246e+06 4.28024e+06 2.55246e+06 -2.16245e+06 4.3427e+06 2.16245e+06 -1.80138e+06 4.39104e+06 1.80138e+06 -1.46475e+06 4.42783e+06 1.46475e+06 -1.14819e+06 4.45509e+06 1.14819e+06 -847467 4.4743e+06 847467 -558505 4.48655e+06 558505 -277318 4.49251e+06 277318 -2.01515e-07
0.6 400438 1.10136e+07 -1.00441e+07 1.14367e+06 1.00441e+07 -9.09784e+06 1.79391e+06 9.09784e+06 -8.19223e+06 2.34971e+06 8.19223e+06 -7.33866e+06 2.81607e+06 7.33866e+06 -6.54344e+06 3.20167e+06 6.54344e+06 -5.80898e+06 3.51675e+06 5.80898e+06 -5.13486e+06 3.7718e+06 5.13486e+06 -4.51866e+06 3.97667e+06 4.51866e+06 -3.95672e+06 4.14019e+06 3.95672e+06 -3.44458e+06 4.26996e+06 3.44458e+06 -2.97739e+06 4.37239e+06 2.97739e+06 -2.55014e+06 4.45277e+06 2.55014e+06 -2.15784e+06 4.51538e+06 2.15784e+06 -1.7956e+06 4.56366e+06 1.7956e+06 -1.45869e+06 4.60029e+06 1.45869e+06 -1.14255e+06 4.62735e+06 1.14255e+06 -842786 4.64638e+06 842786 -555174 4.65849e+06 555174 -275590 4.66437e+06 275590 1.43948e-07
0.62 421133 1.12146e+07 -1.02129e+07 1.20168e+06 1.02129e+07 -9.236e+06 1.88269e+06 9.236e+06 -8.30243e+06 2.4628e+06 8.30243e+06 -7.42418e+06 2.9477e+06 7.42418e+06 -6.60776e+06 3.34697e+06 6.60776e+06 -5.85554e+06 3.67184e+06 5.85554e+06 -5.16687e+06 3.93365e+06 5.16687e+06 -4.53904e+06 4.14304e+06 4.53904e+06 -3.96804e+06 4.30943e+06 3.96804e+06 -3.44907e+06 4.44092e+06 3.44907e+06 -2.97693e+06 4.54428e+06 2.97693e+06 -2.54634e+06 4.62505e+06 2.54634e+06 -2.15201e+06 4.68774e+06 2.15201e+06 -1.78882e+06 4.73589e+06 1.78882e+06 -1.45182e+06 4.77232e+06 1.45182e+06 -1.13629e+06 4.79915e+06 1.13629e+06 -837657 4.81798e+06 837657 -551551 4.82994e+06 551551 -273719 4.83574e+06 273719 -8.63802e-08
0.64 442141 1.14116e+07 -1.03777e+07 1.26049e+06 1.03777e+07 -9.37017e+06 1.97251e+06 9.37017e+06 -8.40876e+06 2.57701e+06 8.40876e+06 -7.50601e+06 3.08037e+06 7.50601e+06 -6.66865e+06 3.49316e+06 6.66865e+06 -5.89895e+06 3.8276e+06 5.89895e+06 -5.19605e+06 4.09598e+06 5.19605e+06 -4.55692e+06 4.30969e+06 4.55692e+06 -3.97718e+06 4.47878e+06 3.97718e+06 -3.45167e+06 4.61184e+06 3.45167e+06 -2.97488e+06 4.716e+06 2.97488e+06 -2.54119e+06 4.79708e+06 2.54119e+06 -2.14506e+06 4.85976e+06 2.14506e+06 -1.78113e+06 4.90775e+06 1.78113e+06 -1.44425e+06 4.94393e+06 1.44425e+06 -1.12948e+06 4.97051e+06 1.12948e+06 -832134 4.98912e+06 832134 -547674 5.00092e+06 547674 -271722 5.00664e+06 271722 -1.72702e-07
0.66 463455 1.16047e+07 -1.05387e+07 1.32007e+06 1.05387e+07 -9.50059e+06 2.06337e+06 9.50059e+06 -8.51146e+06 2.6923e+06 8.51146e+06 -7.5844e+06 3.21405e+06 7.5844e+06 -6.72633e+06 3.64019e+06 6.72633e+06 -5.93944e+06 3.98402e+06 5.93944e+06 -5.22262e+06 4.25875e+06 5.22262e+06 -4.57249e+06 4.47658e+06 4.57249e+06 -3.9843e+06 4.64821e+06 3.9843e+06 -3.45255e+06 4.7827e+06 3.45255e+06 -2.97136e+06 4.88755e+06 2.97136e+06 -2.53482e+06 4.96885e+06 2.53482e+06 -2.13712e+06 5.03147e+06 2.13712e+06 -1.77264e+06 5.07924e+06 1.77264e+06 -1.43603e+06 5.11515e+06 1.43603e+06 -1.1222e+06 5.14145e+06 1.1222e+06 -826264 5.15983e+06 826264 -543571 5.17146e+06 543571 -269615 5.17709e+06 269615 -8.63511e-08
0.68 485070 1.17943e+07 -1.0696e+07 1.38042e+06 1.0696e+07 -9.62747e+06 2.15522e+06 9.62747e+06 -8.61073e+06 2.80864e+06 8.61073e+06 -7.65955e+06 3.34869e+06 7.65955e+06 -6.781e+06 3.78803e+06 6.781e+06 -5.9772e+06 4.14103e+06 5.9772e+06 -5.24675e+06 4.42192e+06 5.24675e+06 -4.58591e+06 4.6437e+06 4.58591e+06 -3.98958e+06 4.8177e+06 3.98958e+06 -3.45185e+06 4.95349e+06 3.45185e+06 -2.96653e+06 5.05893e+06 2.96653e+06 -2.52736e+06 5.14037e+06 2.52736e+06 -2.12828e+06 5.20287e+06 2.12828e+06 -1.76343e+06 5.25038e+06 1.76343e+06 -1.42726e+06 5.28598e+06 1.42726e+06 -1.11449e+06 5.31199e+06 1.11449e+06 -820089 5.33012e+06 820089 -539273 5.34157e+06 539273 -267412 5.34711e+06 267412 5.75674e-08
0.7 506982 1.19805e+07 -1.085e+07 1.4415e+06 1.085e+07 -9.751e+06 2.24804e+06 9.751e+06 -8.70677e+06 2.926e+06 8.70677e+06 -7.73164e+06 3.48426e+06 7.73164e+06 -6.83286e+06 3.93663e+06 6.83286e+06 -6.01241e+06 4.29862e+06 6.01241e+06 -5.26861e+06 4.58547e+06 5.26861e+06 -4.59736e+06 4.811e+06 4.59736e+06 -3.99316e+06 4.98723e+06 3.99316e+06 -3.44972e+06 5.1242e+06 3.44972e+06 -2.96049e+06 5.23013e+06 2.96049e+06 -2.51891e+06 5.31164e+06 2.51891e+06 -2.11864e+06 5.37396e+06 2.11864e+06 -1.75359e+06 5.42117e+06 1.75359e+06 -1.41799e+06 5.45644e+06 1.41799e+06 -1.1064e+06 5.48214e+06 1.1064e+06 -813648 5.50001e+06 813648 -534804 5.51128e+06 534804 -265126 5.51673e+06 265126 -1.87108e-05
0.72 529185 1.21634e+07 -1.10007e+07 1.50332e+06 1.10007e+07 -9.87136e+06 2.34182e+06 9.87136e+06 -8.79975e+06 3.04435e+06 8.79975e+06 -7.80085e+06 3.62072e+06 7.80085e+06 -6.88206e+06 4.08596e+06 6.88206e+06 -6.04523e+06 4.45674e+06 6.04523e+06 -5.28836e+06 4.74936e+06 5.28836e+06 -4.60698e+06 4.97849e+06 4.60698e+06 -3.99516e+06 5.15679e+06 3.99516e+06 -3.44626e+06 5.29481e+06 3.44626e+06 -2.95335e+06 5.40115e+06 2.95335e+06 -2.50957e+06 5.48265e+06 2.50957e+06 -2.10828e+06 5.54475e+06 2.10828e+06 -1.74317e+06 5.59164e+06 1.74317e+06 -1.40828e+06 5.62655e+06 1.40828e+06 -1.09799e+06 5.65192e+06 1.09799e+06 -806975 5.66953e+06 806975 -530186 5.68061e+06 530186 -262768 5.68596e+06 262768 -1.35294e-05
0.74 551675 1.23433e+07 -1.11484e+07 1.56586e+06 1.11484e+07 -9.98871e+06 2.43653e+06 9.98871e+06 -8.88984e+06 3.16365e+06 8.88984e+06 -7.86735e+06 3.75805e+06 7.86735e+06 -6.92877e+06 4.23598e+06 6.92877e+06 -6.07581e+06 4.61538e+06 6.07581e+06 -5.30613e+06 4.91357e+06 5.30613e+06 -4.61489e+06 5.14612e+06 4.61489e+06 -3.99572e+06 5.32636e+06 3.99572e+06 -3.44159e+06 5.46533e+06 3.44159e+06 -2.94522e+06 5.57198e+06 2.94522e+06 -2.49941e+06 5.65343e+06 2.49941e+06 -2.09728e+06 5.71525e+06 2.09728e+06 -1.73225e+06 5.76178e+06 1.73225e+06 -1.39819e+06 5.79632e+06 1.39819e+06 -1.08929e+06 5.82135e+06 1.08929e+06 -800100 5.83868e+06 800100 -525440 5.84958e+06 525440 -260347 5.85483e+06 260347 -1.01614e-05
0.76 574448 1.25203e+07 -1.12932e+07 1.6291e+06 1.12932e+07 -1.01032e+07 2.53214e+06 1.01032e+07 -8.97718e+06 3.28388e+06 8.97718e+06 -7.93127e+06 3.8962e+06 7.93127e+06 -6.97313e+06 4.38667e+06 6.97313e+06 -6.10428e+06 4.77448e+06 6.10428e+06 -5.32207e+06 5.07807e+06 5.32207e+06 -4.62121e+06 5.31389e+06 4.62121e+06 -3.99495e+06 5.49593e+06 3.99495e+06 -3.43581e+06 5.63575e+06 3.43581e+06 -2.93618e+06 5.74263e+06 2.93618e+06 -2.48853e+06 5.82396e+06 2.48853e+06 -2.08569e+06 5.88547e+06 2.08569e+06 -1.72089e+06 5.93162e+06 1.72089e+06 -1.38775e+06 5.96577e+06 1.38775e+06 -1.08034e+06 5.99045e+06 1.08034e+06 -793051 6.0075e+06 793051 -520585 6.0182e+06 520585 -257873 6.02336e+06 257873 -6.82223e-06
0.78 597499 1.26945e+07 -1.14352e+07 1.69303e+06 1.14352e+07 -1.0215e+07 2.62864e+06 1.0215e+07 -9.06192e+06 3.40501e+06 9.06192e+06 -7.99276e+06 4.03516e+06 7.99276e+06 -7.01527e+06 4.538e+06 7.01527e+06 -6.13078e+06 4.93404e+06 6.13078e+06 -5.33628e+06 5.24286e+06 5.33628e+06 -4.62606e+06 5.48178e+06 4.62606e+06 -3.99293e+06 5.6655e+06 3.99293e+06 -3.42902e+06 5.80606e+06 3.42902e+06 -2.92631e+06 5.91311e+06 2.92631e+06 -2.47699e+06 5.99425e+06 2.47699e+06 -2.07359e+06 6.05542e+06 2.07359e+06 -1.70912e+06 6.10116e+06 1.70912e+06 -1.37702e+06 6.1349e+06 1.37702e+06 -1.07118e+06 6.15922e+06 1.07118e+06 -785852 6.17599e+06 785852 -515636 6.1865e+06 515636 -255355 6.19156e+06 255355 -5.21023e-06
0.8 620825 1.2866e+07 -1.15746e+07 1.75764e+06 1.15746e+07 -1.03242e+07 2.726e+06 1.03242e+07 -9.14419e+06 3.52702e+06 9.14419e+06 -8.05194e+06 4.17489e+06 8.05194e+06 -7.05531e+06 4.68994e+06 7.05531e+06 -6.15542e+06 5.09403e+06 6.15542e+06 -5.34888e+06 5.40789e+06 5.34888e+06 -4.62955e+06 5.64978e+06 4.62955e+06 -3.98978e+06 5.83505e+06 3.98978e+06 -3.42129e+06 5.97625e+06 3.42129e+06 -2.91569e+06 6.0834e+06 2.91569e+06 -2.46485e+06 6.16432e+06 2.46485e+06 -2.06104e+06 6.22511e+06 2.06104e+06 -1.69701e+06 6.27041e+06 1.69701e+06 -1.36603e+06 6.30374e+06 1.36603e+06 -1.06182e+06 6.3277e+06 1.06182e+06 -778526 6.34418e+06 778526 -510608 6.35449e+06 510608 -252798 6.35945e+06 252798 -3.56947e-06
0.82 644422 1.30351e+07 -1.17115e+07 1.82292e+06 1.17115e+07 -1.04309e+07 2.82421e+06 1.04309e+07 -9.22409e+06 3.64989e+06 9.22409e+06 -8.10892e+06 4.31537e+06 8.10892e+06 -7.09337e+06 4.84246e+06 7.09337e+06 -6.17831e+06 5.25443e+06 6.17831e+06 -5.35997e+06 5.57317e+06 5.35997e+06 -4.63176e+06 5.81786e+06 4.63176e+06 -3.98557e+06 6.00457e+06 3.98557e+06 -3.4127e+06 6.14634e+06 3.4127e+06 -2.90439e+06 6.25351e+06 2.90439e+06 -2.45218e+06 6.33416e+06 2.45218e+06 -2.04807e+06 6.39455e+06 2.04807e+06 -1.68459e+06 6.4394e+06 1.68459e+06 -1.35481e+06 6.47229e+06 1.35481e+06 -1.05231e+06 6.49588e+06 1.05231e+06 -771093 6.51208e+06 771093 -505514 6.52219e+06 505514 -250211 6.52704e+06 250211 -3.13765e-06
0.84 668286 1.32017e+07 -1.1846e+07 1.88885e+06 1.1846e+07 -1.05353e+07 2.92326e+06 1.05353e+07 -9.30175e+06 3.77359e+06 9.30175e+06 -8.16383e+06 4.45657e+06 8.16383e+06 -7.12954e+06 4.99554e+06 7.12954e+06 -6.19954e+06 5.4152e+06 6.19954e+06 -5.36964e+06 5.73866e+06 5.36964e+06 -4.63277e+06 5.98603e+06 4.63277e+06 -3.98038e+06 6.17407e+06 3.98038e+06 -3.40332e+06 6.3163e+06 3.40332e+06 -2.89246e+06 6.42344e+06 2.89246e+06 -2.43902e+06 6.50379e+06 2.43902e+06 -2.03473e+06 6.56373e+06 2.03473e+06 -1.6719e+06 6.60812e+06 1.6719e+06 -1.3434e+06 6.64058e+06 1.3434e+06 -1.04267e+06 6.66379e+06 1.04267e+06 -763572 6.67969e+06 763572 -500368 6.68961e+06 500368 -247599 6.69436e+06 247599 -2.2453e-06
0.86 692414 1.3366e+07 -1.19782e+07 1.95544e+06 1.19782e+07 -1.06374e+07 3.02312e+06 1.06374e+07 -9.37727e+06 3.8981e+06 9.37727e+06 -8.21675e+06 4.59847e+06 8.21675e+06 -7.16394e+06 5.14916e+06 7.16394e+06 -6.21922e+06 5.57635e+06 6.21922e+06 -5.37798e+06 5.90436e+06 5.37798e+06 -4.63268e+06 6.15426e+06 4.63268e+06 -3.97428e+06 6.34352e+06 3.97428e+06 -3.39321e+06 6.48615e+06 3.39321e+06 -2.87997e+06 6.5932e+06 2.87997e+06 -2.42544e+06 6.6732e+06 2.42544e+06 -2.02108e+06 6.73268e+06 2.02108e+06 -1.65898e+06 6.77659e+06 1.65898e+06 -1.33183e+06 6.8086e+06 1.33183e+06 -1.03291e+06 6.83144e+06 1.03291e+06 -755978 6.84705e+06 755978 -495178 6.85676e+06 495178 -244967 6.86142e+06 244967 -1.64079e-06
0.88 716803 1.35282e+07 -1.21082e+07 2.02266e+06 1.21082e+07 -1.07374e+07 3.12378e+06 1.07374e+07 -9.45074e+06 4.0234e+06 9.45074e+06 -8.26778e+06 4.74105e+06 8.26778e+06 -7.19664e+06 5.30329e+06 7.19664e+06 -6.23742e+06 5.73783e+06 6.23742e+06 -5.38507e+06 6.07024e+06 5.38507e+06 -4.63155e+06 6.32256e+06 4.63155e+06 -3.96734e+06 6.51293e+06 3.96734e+06 -3.38245e+06 6.65588e+06 3.38245e+06 -2.86697e+06 6.76279e+06 2.86697e+06 -2.41147e+06 6.84241e+06 2.41147e+06 -2.00714e+06 6.90141e+06 2.00714e+06 -1.64585e+06 6.94482e+06 1.64585e+06 -1.32012e+06 6.97638e+06 1.32012e+06 -1.02307e+06 6.99884e+06 1.02307e+06 -748327 7.01416e+06 748327 -489956 7.02367e+06 489956 -242320 7.02823e+06 242320 -1.03627e-06
0.9 741450 1.36882e+07 -1.2236e+07 2.0905e+06 1.2236e+07 -1.08353e+07 3.22522e+06 1.08353e+07 -9.52225e+06 4.14947e+06 9.52225e+06 -8.31701e+06 4.88428e+06 8.31701e+06 -7.22774e+06 5.45792e+06 7.22774e+06 -6.25423e+06 5.89965e+06 6.25423e+06 -5.39098e+06 6.23631e+06 5.39098e+06 -4.62945e+06 6.4909e+06 4.62945e+06 -3.95963e+06 6.68229e+06 3.95963e+06 -3.37107e+06 6.8255e+06 3.37107e+06 -2.8535e+06 6.93221e+06 2.8535e+06 -2.39715e+06 7.01141e+06 2.39715e+06 -1.99296e+06 7.06991e+06 1.99296e+06 -1.63255e+06 7.11282e+06 1.63255e+06 -1.30829e+06 7.14393e+06 1.30829e+06 -1.01314e+06 7.166e+06 1.01314e+06 -740632 7.18103e+06 740632 -484709 7.19035e+06 484709 -239663 7.19481e+06 239663 -8.63569e-07
0.92 766351 1.38462e+07 -1.23619e+07 2.15897e+06 1.23619e+07 -1.09313e+07 3.32743e+06 1.09313e+07 -9.59188e+06 4.2763e+06 9.59188e+06 -8.36452e+06 5.02815e+06 8.36452e+06 -7.25731e+06 5.61303e+06 7.25731e+06 -6.26973e+06 6.06177e+06 6.26973e+06 -5.39579e+06 6.40253e+06 5.39579e+06 -4.62645e+06 6.65929e+06 4.62645e+06 -3.9512e+06 6.85161e+06 3.9512e+06 -3.35914e+06 6.99499e+06 3.35914e+06 -2.83961e+06 7.10146e+06 2.83961e+06 -2.38253e+06 7.18022e+06 2.38253e+06 -1.97856e+06 7.2382e+06 1.97856e+06 -1.61911e+06 7.2806e+06 1.61911e+06 -1.29637e+06 7.31125e+06 1.29637e+06 -1.00317e+06 7.33294e+06 1.00317e+06 -732905 7.34767e+06 732905 -479447 7.3568e+06 479447 -236999 7.36116e+06 236999 -8.34785e-07
0.94 791503 1.40022e+07 -1.24858e+07 2.22804e+06 1.24858e+07 -1.10253e+07 3.43039e+06 1.10253e+07 -9.65973e+06 4.40385e+06 9.65973e+06 -8.41039e+06 5.17264e+06 8.41039e+06 -7.28543e+06 5.76859e+06 7.28543e+06 -6.28397e+06 6.22419e+06 6.28397e+06 -5.39955e+06 6.56891e+06 5.39955e+06 -4.6226e+06 6.82771e+06 4.6226e+06 -3.94209e+06 7.02086e+06 3.94209e+06 -3.34669e+06 7.16436e+06 3.34669e+06 -2.82534e+06 7.27055e+06 2.82534e+06 -2.36764e+06 7.34884e+06 2.36764e+06 -1.96397e+06 7.40629e+06 1.96397e+06 -1.60555e+06 7.44816e+06 1.60555e+06 -1.28437e+06 7.47835e+06 1.28437e+06 -993147 7.49966e+06 993147 -725157 7.51411e+06 725157 -474175 7.52304e+06 474175 -234333 7.5273e+06 234333 -4.60568e-07
0.96 816904 1.41564e+07 -1.26078e+07 2.29772e+06 1.26078e+07 -1.11175e+07 3.53409e+06 1.11175e+07 -9.72585e+06 4.53213e+06 9.72585e+06 -8.45469e+06 5.31773e+06 8.45469e+06 -7.31216e+06 5.9246e+06 7.31216e+06 -6.29703e+06 6.3869e+06 6.29703e+06 -5.40233e+06 6.73542e+06 5.40233e+06 -4.61795e+06 6.99615e+06 4.61795e+06 -3.93237e+06 7.19006e+06 3.93237e+06 -3.33377e+06 7.33362e+06 3.33377e+06 -2.81073e+06 7.43949e+06 2.81073e+06 -2.3525e+06 7.51727e+06 2.3525e+06 -1.94922e+06 7.57417e+06 1.94922e+06 -1.59188e+06 7.61552e+06 1.59188e+06 -1.27232e+06 7.64525e+06 1.27232e+06 -983099 7.66618e+06 983099 -717398 7.68034e+06 717398 -468901 7.68908e+06 468901 -231666 7.69325e+06 231666 -5.18135e-07
0.98 842551 1.43088e+07 -1.27281e+07 2.36798e+06 1.27281e+07 -1.1208e+07 3.63852e+06 1.1208e+07 -9.79031e+06 4.6611e+06 9.79031e+06 -8.49749e+06 5.46339e+06 8.49749e+06 -7.33757e+06 6.08103e+06 7.33757e+06 -6.30896e+06 6.54987e+06 6.30896e+06 -5.40419e+06 6.90207e+06 5.40419e+06 -4.61257e+06 7.16462e+06 4.61257e+06 -3.92207e+06 7.3592e+06 3.92207e+06 -3.32043e+06 7.50275e+06 3.32043e+06 -2.7958e+06 7.60826e+06 2.7958e+06 -2.33715e+06 7.68553e+06 2.33715e+06 -1.93433e+06 7.74187e+06 1.93433e+06 -1.57814e+06 7.78269e+06 1.57814e+06 -1.26023e+06 7.81195e+06 1.26023e+06 -973036 7.83251e+06 973036 -709637 7.84638e+06 709637 -463630 7.85493e+06 463630 -229002 7.859e+06 229002 -9.78733e-07
1 868442 1.44594e+07 -1.28466e+07 2.43884e+06 1.28466e+07 -1.12968e+07 3.74366e+06 1.12968e+07 -9.85319e+06 4.79076e+06 9.85319e+06 -8.53885e+06 5.60962e+06 8.53885e+06 -7.36172e+06 6.23786e+06 7.36172e+06 -6.31983e+06 6.71309e+06 6.31983e+06 -5.40517e+06 7.06884e+06 5.40517e+06 -4.60649e+06 7.3331e+06 4.60649e+06 -3.91124e+06 7.52827e+06 3.91124e+06 -3.30668e+06 7.67177e+06 3.30668e+06 -2.7806e+06 7.77689e+06 2.7806e+06 -2.32161e+06 7.85362e+06 2.32161e+06 -1.91933e+06 7.90939e+06 1.91933e+06 -1.56433e+06 7.94967e+06 1.56433e+06 -1.24811e+06 7.97847e+06 1.24811e+06 -962968 7.99865e+06 962968 -701882 8.01223e+06 701882 -458368 8.0206e+06 458368 -226344 8.02458e+06 226344 0
