0.02 -0.265467
0.04 -0.52397
0.06 -0.769619
0.08 -0.99828
0.1 -1.20772
0.12 -1.39734
0.14 -1.5677
0.16 -1.72008
0.18 -1.85613
0.2 -1.97757
0.22 -2.08612
0.24 -2.18333
0.26 -2.27063
0.28 -2.34927
0.3 -2.42032
0.32 -2.48474
0.34 -2.54334
0.36 -2.59682
0.38 -2.64579
0.4 -2.69077
0.42 -2.7322
0.44 -2.77049
0.46 -2.80597
0.48 -2.83893
0.5 -2.86963
0.52 -2.8983
0.54 -2.92514
0.56 -2.95031
0.58 -2.97398
0.6 -2.99627
0.62 -3.01732
0.64 -3.03722
0.66 -3.05607
0.68 -3.07396
0.7 -3.09097
0.72 -3.10716
0.74 -3.12259
0.76 -3.13733
0.78 -3.15142
0.8 -3.16492
0.82 -3.17785
0.84 -3.19026
0.86 -3.20219
0.88 -3.21366
0.9 -3.22471
0.92 -3.23536
0.94 -3.24564
0.96 -3.25556
0.98 -3.26515
1 -3.27443
