0.02 3.34437e-07 0.00650098 -0.00635283 9.72776e-07 0.00605657 -0.00590844 1.56527e-06 0.00561224 -0.00546416 2.11188e-06 0.00516806 -0.00502003 2.61263e-06 0.00472405 -0.00457609 3.06754e-06 0.00428025 -0.00413236 3.47668e-06 0.00383666 -0.00368885 3.84009e-06 0.0033933 -0.00324556 4.15786e-06 0.00295016 -0.0028025 4.43006e-06 0.00250723 -0.00235963 4.65677e-06 0.00206449 -0.00191694 4.83805e-06 0.00162191 -0.00147441 4.97395e-06 0.00117946 -0.00103201 5.06453e-06 0.000737118 -0.000589686 5.10981e-06 0.000294837 -0.000147418
0.04 1.32721e-06 0.0128998 -0.0126035 3.85891e-06 0.0120111 -0.011715 6.20585e-06 0.0111232 -0.0108274 8.3676e-06 0.0102363 -0.00994102 1.03443e-05 0.00935089 -0.00905608 1.21364e-05 0.00846703 -0.00817279 1.37448e-05 0.00758489 -0.00729124 1.51705e-05 0.00670451 -0.00641143 1.64146e-05 0.00582584 -0.00553332 1.74784e-05 0.00494879 -0.00465678 1.83629e-05 0.00407322 -0.00378166 1.90691e-05 0.00319891 -0.00290773 1.9598e-05 0.00232565 -0.00203476 1.99502e-05 0.00145317 -0.00116248 2.01261e-05 0.000581189 -0.000290594
0.06 2.94887e-06 0.0191083 -0.0186639 8.56851e-06 0.0177758 -0.017332 1.37676e-05 0.0164456 -0.0160029 1.85441e-05 0.0151189 -0.0146777 2.28988e-05 0.0137968 -0.0133573 2.68341e-05 0.01248 -0.0120423 3.03542e-05 0.0111687 -0.0107329 3.34641e-05 0.00986319 -0.00942927 3.61694e-05 0.00856322 -0.00813109 3.84755e-05 0.00726849 -0.00683802 4.03878e-05 0.00597852 -0.0055495 4.19113e-05 0.00469267 -0.00426486 4.305e-05 0.00341018 -0.00298331 4.38073e-05 0.0021302 -0.00170397 4.41854e-05 0.000851822 -0.000425911
0.08 5.15662e-06 0.0250618 -0.0244694 1.49709e-05 0.0232859 -0.0226948 2.40266e-05 0.0215152 -0.0209266 3.23181e-05 0.0197527 -0.0191674 3.98475e-05 0.0180006 -0.0174191 4.66229e-05 0.0162604 -0.0156831 5.26568e-05 0.0145329 -0.0139599 5.79641e-05 0.0128182 -0.0122495 6.25613e-05 0.0111161 -0.0105514 6.64648e-05 0.00942574 -0.00886477 6.96904e-05 0.00774608 -0.00718837 7.22524e-05 0.00607563 -0.00552062 7.41627e-05 0.00441268 -0.00385976 7.54308e-05 0.00275534 -0.00220384 7.60632e-05 0.00110156 -0.00055078
0.1 7.90091e-06 0.0307211 -0.0299807 2.29149e-05 0.0285024 -0.0277646 3.67243e-05 0.0262934 -0.0255602 4.93166e-05 0.0240998 -0.0233727 6.06977e-05 0.0219256 -0.0212056 7.08869e-05 0.0197733 -0.0190611 7.9913e-05 0.0176445 -0.0169402 8.78105e-05 0.0155395 -0.014843 9.46166e-05 0.0134575 -0.0127684 0.000100369 0.0113971 -0.0107148 0.000105101 0.0093562 -0.00867985 0.000108847 0.00733208 -0.00666065 0.000111632 0.0053216 -0.00465398 0.000113476 0.00332131 -0.00265626 0.000114395 0.00132748 -0.000663739
0.12 1.11312e-05 0.03607 -0.0351816 3.22463e-05 0.0334091 -0.032525 5.15972e-05 0.0307643 -0.0298878 6.91611e-05 0.0281447 -0.0272782 8.49509e-05 0.0255568 -0.024702 9.90058e-05 0.0230049 -0.0221627 0.000111382 0.0204911 -0.0196618 0.000122147 0.0180157 -0.017199 0.000131371 0.0155776 -0.0147728 0.000139124 0.0131742 -0.0123803 0.000145474 0.010802 -0.0100176 0.000150478 0.00845662 -0.00768008 0.000154186 0.00613305 -0.00536256 0.000156637 0.00382569 -0.0030593 0.000157855 0.00152861 -0.000764307
0.14 1.47997e-05 0.0411092 -0.040073 4.28197e-05 0.0380069 -0.036977 6.83973e-05 0.0349288 -0.0339104 9.14961e-05 0.0318886 -0.0308852 0.000112142 0.028896 -0.0279101 0.000130404 0.0259571 -0.02499 0.000146381 0.0230748 -0.0221268 0.000160188 0.0202495 -0.0193201 0.000171945 0.017479 -0.0165672 0.000181771 0.0147596 -0.0138638 0.000189776 0.012086 -0.011204 0.000196057 0.00945151 -0.008581 0.000200694 0.00684878 -0.00598708 0.00020375 0.00426964 -0.00341391 0.000205268 0.00170545 -0.000852723
0.16 1.88636e-05 0.0458508 -0.0446668 5.45045e-05 0.0423078 -0.0411328 8.69023e-05 0.038799 -0.0376401 0.000116005 0.0353437 -0.0342061 0.000141857 0.0319553 -0.0308421 0.000164573 0.028642 -0.0275551 0.000184311 0.0254077 -0.0243472 0.000201253 0.0222522 -0.0212176 0.000215584 0.0191726 -0.0181623 0.000227489 0.0161634 -0.0151749 0.000237133 0.0132168 -0.0122473 0.000244664 0.0103239 -0.00936996 0.000250204 0.00747418 -0.00653229 0.000253844 0.00465661 -0.00372284 0.000255649 0.00185937 -0.000929686
0.18 2.32853e-05 0.0503135 -0.0489817 6.71866e-05 0.0463304 -0.0450108 0.000106919 0.0423935 -0.0410956 0.000142412 0.0385285 -0.0372591 0.000173741 0.034753 -0.0335163 0.00020108 0.0310777 -0.0298757 0.000224668 0.027507 -0.0263402 0.00024477 0.0240405 -0.0229077 0.000261661 0.0206738 -0.0195728 0.000275601 0.0173992 -0.0163267 0.00028683 0.0142064 -0.0131586 0.000295556 0.0110834 -0.0100559 0.000301948 0.00801653 -0.0070046 0.000306137 0.00499126 -0.00398983 0.000308209 0.00199227 -0.000996135
0.2 2.80329e-05 0.0545185 -0.0530391 8.07685e-05 0.0500961 -0.0486325 0.000128282 0.0457336 -0.0442982 0.000170485 0.0414642 -0.0400656 0.000207493 0.0373102 -0.0359535 0.000239563 0.0332846 -0.0319724 0.000267032 0.0293926 -0.0281251 0.000290273 0.0256331 -0.0244086 0.000309664 0.0219998 -0.0208154 0.000325565 0.0184825 -0.017334 0.000338298 0.015068 -0.0139505 0.000348143 0.0117409 -0.0106488 0.000355325 0.00848387 -0.00741112 0.000360017 0.00527868 -0.004219 0.000362334 0.00210621 -0.0010531
0.22 3.30789e-05 0.0584882 -0.0568611 9.51674e-05 0.0536271 -0.0520201 0.000150852 0.0488415 -0.04727 0.000200026 0.0441729 -0.0426473 0.000242864 0.0396485 -0.0381752 0.000279722 0.0352839 -0.0338658 0.00031106 0.0310847 -0.0297218 0.000337382 0.0270489 -0.0257389 0.000359189 0.0231679 -0.021907 0.000376952 0.0194288 -0.0182117 0.000391092 0.015815 -0.0146354 0.000401969 0.0123071 -0.0111584 0.00040987 0.00888424 -0.0077589 0.000415017 0.005524 -0.00441444 0.000417554 0.00220325 -0.00110163
0.24 3.84004e-05 0.0622439 -0.0604693 0.000110313 0.0569448 -0.0551949 0.00017451 0.0517386 -0.0500323 0.000230872 0.0466757 -0.0450255 0.000279644 0.0417887 -0.0402021 0.000321309 0.0370957 -0.0355759 0.000356473 0.0326027 -0.0311493 0.000385792 0.028306 -0.0269161 0.00040991 0.0241949 -0.0228636 0.000429425 0.020253 -0.0189737 0.000444867 0.0164599 -0.0152252 0.000456683 0.0127924 -0.0115941 0.000465231 0.00922526 -0.00805466 0.000470781 0.00573204 -0.00458003 0.000473512 0.00228535 -0.00114267
0.26 4.39776e-05 0.0658057 -0.0638836 0.000126146 0.0600693 -0.0581771 0.000199158 0.0544449 -0.052605 0.000262883 0.0489924 -0.0472198 0.00031766 0.0437503 -0.0420535 0.00036412 0.038739 -0.0371213 0.000403043 0.0339645 -0.0324253 0.000435259 0.0294215 -0.0279569 0.000461571 0.0250962 -0.0237001 0.000482722 0.0209686 -0.0196332 0.000499356 0.0170144 -0.0157309 0.000512019 0.013206 -0.0119646 0.000521141 0.00951391 -0.00830453 0.000527045 0.00590724 -0.00471933 0.000529943 0.00235428 -0.00117714
0.28 4.97939e-05 0.069192 -0.0671225 0.000142616 0.063019 -0.0609849 0.000224709 0.0569786 -0.0550064 0.000295942 0.0511412 -0.0492482 0.000356766 0.0455511 -0.0437469 0.000407988 0.040231 -0.0385192 0.000450586 0.0351866 -0.0335658 0.000485586 0.0304104 -0.0288759 0.000513971 0.0258856 -0.0244298 0.000536637 0.021588 -0.0202019 0.000554356 0.017489 -0.0161621 0.000567774 0.0135565 -0.0122777 0.000577399 0.00975647 -0.00851404 0.000583609 0.00605357 -0.00483552 0.000586652 0.00241165 -0.00120582
0.3 5.58348e-05 0.0724195 -0.0702026 0.000159678 0.0658103 -0.0636349 0.000251092 0.0593562 -0.0572529 0.00032995 0.0531383 -0.051127 0.00039684 0.047207 -0.0452983 0.000452772 0.0415871 -0.0397845 0.00049895 0.0362836 -0.0345852 0.000536616 0.0312867 -0.0296865 0.00056695 0.0265757 -0.0250649 0.000591011 0.0221222 -0.0206902 0.00060971 0.017893 -0.0165278 0.000623796 0.0138513 -0.0125401 0.000633857 0.0099585 -0.00868808 0.000640328 0.00617455 -0.00493143 0.000643493 0.00245887 -0.00122944
0.32 6.20881e-05 0.0755028 -0.0731386 0.000177297 0.0684582 -0.0661419 0.000278245 0.0615925 -0.0593593 0.000364822 0.0549984 -0.0528707 0.000437779 0.0487324 -0.0467218 0.000498357 0.0428211 -0.0409311 0.00054801 0.0372687 -0.0354964 0.000588221 0.0320624 -0.0304007 0.000620379 0.0271775 -0.025616 0.000645721 0.022581 -0.0211075 0.000665299 0.0182348 -0.0168356 0.00067997 0.0140972 -0.0127581 0.000690405 0.0101249 -0.00883097 0.000697095 0.00627328 -0.00500955 0.000700361 0.00249721 -0.0012486
0.34 6.85431e-05 0.0784552 -0.0759438 0.000195438 0.0709758 -0.0685191 0.000306114 0.0637006 -0.0613387 0.000400487 0.0567345 -0.0544922 0.000479497 0.0501399 -0.0480299 0.000544645 0.0439453 -0.0419708 0.000597665 0.0381535 -0.0363107 0.000640297 0.0327483 -0.0310287 0.000674159 0.0277007 -0.0260924 0.00070067 0.0229729 -0.0214617 0.000721031 0.0185215 -0.0170923 0.00073621 0.0143 -0.0129368 0.000746961 0.01026 -0.00894648 0.000753832 0.00635248 -0.00507205 0.00075718 0.00252774 -0.00126387
0.36 7.51903e-05 0.0812885 -0.0786299 0.000214075 0.0733748 -0.0707783 0.000334652 0.0656922 -0.0632026 0.000436881 0.058358 -0.0560029 0.000521917 0.0514408 -0.0492338 0.000591554 0.0449705 -0.0429144 0.000647828 0.0389482 -0.0370381 0.000692761 0.033354 -0.0315799 0.000728207 0.028154 -0.0265023 0.000755783 0.0233054 -0.0217602 0.000776836 0.0187595 -0.0173039 0.000792452 0.0144646 -0.0130809 0.000803467 0.0103676 -0.00903791 0.000810484 0.00641453 -0.00512084 0.000813896 0.00255143 -0.00127571
0.38 8.20215e-05 0.0840131 -0.0812073 0.000233182 0.0756656 -0.0729297 0.000363819 0.0675776 -0.0649615 0.00047395 0.0598792 -0.0574131 0.000564976 0.0526451 -0.0503433 0.000639014 0.0459064 -0.0437713 0.000698429 0.0396618 -0.0376875 0.000745543 0.0338877 -0.0320623 0.000782461 0.0285449 -0.026853 0.000811 0.0235852 -0.0220092 0.000832663 0.0189544 -0.0174755 0.00084865 0.0145957 -0.0131946 0.000859879 0.0104509 -0.00910815 0.000867011 0.0064615 -0.00515757 0.000870472 0.0025691 -0.00128455
0.4 8.90295e-05 0.0866381 -0.0836853 0.000252737 0.0778576 -0.0749827 0.000393578 0.0693661 -0.0666245 0.000511646 0.0613072 -0.0587317 0.000608618 0.0537617 -0.0513672 0.000686965 0.0467613 -0.0445498 0.000749409 0.0403025 -0.0382666 0.000798587 0.0343569 -0.032483 0.000836868 0.0288801 -0.027151 0.000866275 0.023818 -0.0222142 0.00088847 0.0191111 -0.0176119 0.000904768 0.014697 -0.0132814 0.000916168 0.0105128 -0.00915972 0.000923386 0.00649518 -0.0051837 0.000926882 0.00258148 -0.00129074
0.42 9.62078e-05 0.089172 -0.0860721 0.000272721 0.0799588 -0.0769454 0.000423897 0.0710658 -0.0681996 0.000549928 0.06265 -0.0599666 0.000652795 0.0547983 -0.0523133 0.000735357 0.0475429 -0.0452574 0.000800716 0.0408772 -0.0387824 0.000851845 0.0347681 -0.0328485 0.000891386 0.0291654 -0.0274018 0.000921574 0.0240091 -0.02238 0.000944229 0.0192339 -0.0177168 0.000960782 0.0147721 -0.0133444 0.000972313 0.0105558 -0.00919483 0.000979591 0.00651718 -0.0052005 0.00098311 0.00258921 -0.0012946
0.44 0.000103551 0.0916218 -0.088375 0.000293116 0.0819766 -0.0788251 0.000454749 0.0726839 -0.0696942 0.000588757 0.0639148 -0.0611252 0.000697464 0.0557619 -0.0531884 0.000784145 0.0482578 -0.0459006 0.000852309 0.0413923 -0.039241 0.00090528 0.035127 -0.0331643 0.000945982 0.0294059 -0.0276103 0.000976868 0.0241628 -0.0225109 0.000999917 0.0193265 -0.0177939 0.00101668 0.0148239 -0.0133864 0.0010283 0.0105821 -0.0092154 0.00103562 0.00652886 -0.00520906 0.00103915 0.00259284 -0.00129642
0.46 0.000111052 0.0939943 -0.0906005 0.000313906 0.0839176 -0.0806284 0.000486107 0.074227 -0.0711147 0.000628101 0.065108 -0.0622135 0.000742587 0.0566589 -0.0539987 0.00083329 0.0489119 -0.0464852 0.000904151 0.0418532 -0.0396478 0.000958858 0.0354388 -0.0334352 0.00100063 0.0296063 -0.027781 0.00103213 0.0242831 -0.0226106 0.00105552 0.0193922 -0.0178463 0.00107244 0.0148551 -0.0134097 0.00108412 0.0105937 -0.00922312 0.00109146 0.00653145 -0.00521037 0.00109499 0.00259286 -0.00129643
0.48 0.000118709 0.0962952 -0.0927545 0.000335077 0.0857875 -0.0823611 0.000517948 0.0757008 -0.072467 0.000667929 0.0662353 -0.0632375 0.000788131 0.0574946 -0.0547496 0.00088276 0.0495105 -0.0470164 0.000956211 0.042265 -0.0400076 0.00101255 0.035708 -0.0336657 0.0010553 0.0297706 -0.0279176 0.00108736 0.0243736 -0.0226825 0.00111102 0.0194341 -0.0178767 0.00112806 0.0148679 -0.0134165 0.00113978 0.0105923 -0.00921949 0.00114711 0.006526 -0.00520527 0.00115064 0.00258969 -0.00129485
0.5 0.000126515 0.0985298 -0.0948423 0.000356615 0.0875916 -0.0840283 0.000550251 0.0771106 -0.0737561 0.000708216 0.0673018 -0.064202 0.000834067 0.0582741 -0.055446 0.000932525 0.0500584 -0.0474988 0.00100846 0.042632 -0.0403248 0.00106634 0.0359386 -0.0338597 0.00110999 0.0299023 -0.0280237 0.00114253 0.0244374 -0.0227295 0.00116641 0.0194546 -0.0178874 0.00118353 0.0148644 -0.0134085 0.00119526 0.0105792 -0.00920581 0.00120258 0.00651345 -0.00519451 0.00120609 0.00258372 -0.00129186
0.52 0.000134468 0.100703 -0.0968684 0.000378509 0.0893345 -0.0856349 0.000582997 0.0784609 -0.0749867 0.000748936 0.068312 -0.0651116 0.000880367 0.0590018 -0.0560923 0.000982558 0.0505598 -0.0479366 0.00106088 0.0429582 -0.040603 0.00112021 0.0361342 -0.0340206 0.00116467 0.0300046 -0.0281023 0.00119763 0.0244771 -0.0227542 0.0012217 0.019456 -0.0178807 0.00123886 0.0148465 -0.0133876 0.00125058 0.010556 -0.00918324 0.00125786 0.00649464 -0.00517877 0.00126135 0.00257526 -0.00128763
0.54 0.000142563 0.102818 -0.0988373 0.000400748 0.0910206 -0.087185 0.000616167 0.0797561 -0.076163 0.000790068 0.0692701 -0.0659705 0.000927009 0.0596817 -0.0566925 0.00103284 0.0510184 -0.0483335 0.00111345 0.0432472 -0.0408458 0.00117413 0.036298 -0.0341514 0.00121934 0.0300804 -0.028156 0.00125266 0.0244952 -0.0227588 0.00127687 0.0194404 -0.0178584 0.00129404 0.0148157 -0.0133551 0.00130573 0.0105236 -0.0091528 0.00131297 0.00647029 -0.00515861 0.00131643 0.00256462 -0.00128231
0.56 0.000150797 0.10488 -0.100753 0.000423322 0.0926536 -0.0886824 0.000649748 0.0809999 -0.0772887 0.000831591 0.0701799 -0.0667823 0.00097397 0.0603174 -0.05725 0.00108334 0.0514377 -0.0486927 0.00116614 0.043502 -0.0410563 0.0012281 0.0364328 -0.034255 0.00127399 0.0301323 -0.0281873 0.00130762 0.0244939 -0.0227455 0.00133192 0.0194096 -0.0178221 0.00134908 0.0147734 -0.0133123 0.00136071 0.0104833 -0.0091154 0.0013679 0.00644104 -0.00513456 0.00137133 0.00255205 -0.00127602
0.58 0.000159168 0.106892 -0.102618 0.000446221 0.094237 -0.0901305 0.000683722 0.0821957 -0.0783674 0.000873487 0.0710447 -0.0675504 0.00102123 0.0609121 -0.0577681 0.00113405 0.0518207 -0.0490173 0.00121895 0.0437255 -0.0412371 0.0012821 0.0365413 -0.0343339 0.0013286 0.0301624 -0.0281984 0.00136249 0.0244752 -0.0227161 0.00138685 0.0193652 -0.0177734 0.00140398 0.014721 -0.0132604 0.00141554 0.0104358 -0.00907183 0.00142267 0.00640747 -0.00510707 0.00142606 0.00253778 -0.00126889
0.6 0.000167671 0.108857 -0.104436 0.000469436 0.0957739 -0.0915326 0.000718076 0.0833466 -0.079402 0.000915739 0.0718675 -0.0682777 0.00106877 0.0614688 -0.0582496 0.00118495 0.0521703 -0.0493101 0.00127186 0.0439203 -0.0413908 0.00133613 0.0366257 -0.0343902 0.00138318 0.0301728 -0.0281911 0.00141728 0.0244407 -0.0226721 0.00144167 0.0193086 -0.0177136 0.00145874 0.0146595 -0.0132003 0.00147022 0.010382 -0.00902281 0.00147727 0.00637009 -0.00507656 0.00148062 0.00252201 -0.00126101
0.62 0.000176305 0.110778 -0.10621 0.000492959 0.0972672 -0.0928914 0.000752798 0.0844555 -0.0803954 0.00095833 0.0726511 -0.068967 0.00111658 0.0619901 -0.0586973 0.00123603 0.0524889 -0.0495734 0.00132486 0.0440887 -0.0415196 0.00139017 0.0366882 -0.0344259 0.00143771 0.0301654 -0.0281673 0.00147198 0.0243921 -0.0226152 0.00149637 0.019241 -0.0176439 0.00151337 0.0145899 -0.0131331 0.00152475 0.0103226 -0.00896898 0.00153172 0.00632935 -0.00504337 0.00153503 0.00250493 -0.00125247
0.64 0.000185067 0.112657 -0.107943 0.000516783 0.0987194 -0.0942096 0.000787874 0.0855249 -0.0813501 0.00100125 0.0733981 -0.0696208 0.00116464 0.0624785 -0.0591133 0.00128727 0.0527788 -0.0498095 0.00137794 0.0442328 -0.0416255 0.00144422 0.0367305 -0.0344428 0.0014922 0.0301418 -0.0281284 0.0015266 0.0243308 -0.0225465 0.00155097 0.0191638 -0.0175653 0.00156787 0.0145131 -0.0130594 0.00157914 0.0102583 -0.0089109 0.00158603 0.00628565 -0.00500785 0.00158929 0.0024867 -0.00124335
0.66 0.000193954 0.114497 -0.109637 0.000540901 0.100133 -0.0954895 0.000823295 0.0865573 -0.0822685 0.00104448 0.0741106 -0.0702414 0.00121294 0.0629361 -0.0595 0.00133866 0.0530421 -0.0500203 0.00143109 0.0443545 -0.0417104 0.00149827 0.0367545 -0.0344427 0.00154664 0.0301034 -0.0280759 0.00158114 0.0242579 -0.0224673 0.00160545 0.0190778 -0.0174788 0.00162224 0.01443 -0.0129802 0.0016334 0.0101897 -0.00884908 0.00164019 0.00623936 -0.00497027 0.0016434 0.00246745 -0.00123373
0.68 0.000202964 0.116301 -0.111294 0.000565305 0.10151 -0.0967332 0.000859049 0.0875546 -0.0831528 0.001088 0.0747909 -0.0708309 0.00126146 0.063365 -0.0598592 0.00139019 0.0532806 -0.0502078 0.0014843 0.0444555 -0.0417759 0.00155232 0.0367616 -0.0344269 0.00160103 0.0300517 -0.0280111 0.00163559 0.0241746 -0.0223786 0.00165982 0.0189839 -0.0173853 0.00167649 0.0143412 -0.0128959 0.00168752 0.0101172 -0.00878397 0.00169422 0.0061908 -0.00493089 0.00169738 0.00244732 -0.00122366
0.7 0.000212096 0.118069 -0.112916 0.000589989 0.102853 -0.0979429 0.000895127 0.088519 -0.0840048 0.00113182 0.0754409 -0.0713911 0.00131019 0.0637671 -0.0601929 0.00144184 0.0534962 -0.0503736 0.00153756 0.0445373 -0.0418235 0.00160636 0.0367532 -0.0343967 0.00165537 0.0299877 -0.0279352 0.00168996 0.024082 -0.0222814 0.0017141 0.0188832 -0.0172855 0.00173062 0.0142475 -0.0128071 0.00174153 0.0100414 -0.00871598 0.00174813 0.00614026 -0.00488995 0.00175124 0.00242643 -0.00121321
0.72 0.000221346 0.119804 -0.114504 0.000614947 0.104163 -0.0991202 0.000931519 0.0894522 -0.0848265 0.00117591 0.0760623 -0.0719238 0.00135912 0.0641439 -0.0605026 0.00149362 0.0536903 -0.0505193 0.00159087 0.0446015 -0.0418547 0.00166039 0.0367307 -0.0343535 0.00170965 0.0299127 -0.0278491 0.00174424 0.023981 -0.0221766 0.00176827 0.0187762 -0.0171801 0.00178465 0.0141493 -0.0127145 0.00179541 0.00996262 -0.00864548 0.00180191 0.00608799 -0.00484765 0.00180496 0.00240487 -0.00120244
0.74 0.000230714 0.121508 -0.116062 0.000640174 0.105441 -0.100267 0.000968216 0.0903558 -0.0856193 0.00122027 0.0766567 -0.0724306 0.00140825 0.0644972 -0.0607899 0.00154551 0.0538644 -0.0506462 0.00164422 0.0446493 -0.0418706 0.00171441 0.0366951 -0.0342983 0.00176388 0.0298276 -0.0277537 0.00179845 0.0238724 -0.0220649 0.00182234 0.0186636 -0.0170698 0.00183856 0.0140473 -0.0126185 0.00184918 0.00988128 -0.00857278 0.00185558 0.00603423 -0.00480417 0.00185858 0.00238274 -0.00119137
0.76 0.000240197 0.123181 -0.117589 0.000665664 0.106691 -0.101385 0.00100521 0.0912316 -0.086385 0.00126488 0.0772257 -0.072913 0.00145756 0.0648282 -0.0610561 0.0015975 0.0540198 -0.0507555 0.0016976 0.0446819 -0.0418725 0.00176841 0.0366476 -0.0342321 0.00181806 0.0297333 -0.0276501 0.00185258 0.023757 -0.0219471 0.00187632 0.0185462 -0.0169551 0.00189238 0.0139418 -0.0125195 0.00190285 0.0097977 -0.0084982 0.00190914 0.00597919 -0.00475969 0.00191208 0.00236012 -0.00118006
0.78 0.000249794 0.124827 -0.119089 0.000691411 0.107912 -0.102475 0.00104249 0.0920807 -0.0871249 0.00130974 0.0777706 -0.0733723 0.00150704 0.0651383 -0.0613026 0.00164959 0.0541577 -0.0508486 0.00175102 0.0447004 -0.0418613 0.00182239 0.036589 -0.0341558 0.00187218 0.0296307 -0.0275389 0.00190663 0.0236354 -0.0218238 0.00193021 0.0184243 -0.0168365 0.00194609 0.0138333 -0.0124179 0.00195641 0.00971221 -0.00842199 0.00196259 0.00592305 -0.00471434 0.00196548 0.00233709 -0.00116854
0.8 0.000259503 0.126445 -0.120561 0.000717411 0.109107 -0.103538 0.00108005 0.0929047 -0.0878402 0.00135484 0.0782928 -0.0738099 0.00155669 0.0654287 -0.0615305 0.00170177 0.0542794 -0.0509265 0.00180446 0.0447059 -0.0418381 0.00187635 0.0365203 -0.0340703 0.00192625 0.0295205 -0.0274208 0.0019606 0.0235083 -0.0216955 0.00198402 0.0182986 -0.0167146 0.00199972 0.0137222 -0.012314 0.00200988 0.00962507 -0.00834439 0.00201595 0.00586599 -0.00466828 0.00201878 0.00231371 -0.00115686
0.82 0.000269322 0.128038 -0.122007 0.000743659 0.110277 -0.104577 0.00111789 0.0937046 -0.0885323 0.00140017 0.0787933 -0.0742268 0.00160649 0.0657006 -0.0617409 0.00175403 0.0543857 -0.0509901 0.00185793 0.0446992 -0.0418038 0.00193029 0.0364424 -0.0339763 0.00198026 0.0294034 -0.0272965 0.0020145 0.0233763 -0.0215629 0.00203774 0.0181695 -0.0165896 0.00205325 0.0136089 -0.0122082 0.00206326 0.00953652 -0.00826561 0.00206922 0.00580816 -0.00462161 0.00207199 0.00229005 -0.00114502
0.84 0.00027925 0.129605 -0.123429 0.00077015 0.111422 -0.105592 0.001156 0.0944817 -0.0892021 0.00144571 0.0792734 -0.0746241 0.00165644 0.0659549 -0.0619349 0.00180637 0.0544777 -0.0510405 0.00191141 0.0446812 -0.0417591 0.0019842 0.0363558 -0.0338746 0.00203422 0.02928 -0.0271667 0.00206833 0.0232398 -0.0214263 0.00209138 0.0180374 -0.016462 0.00210669 0.0134937 -0.0121007 0.00211655 0.00944681 -0.00818587 0.00212239 0.00574969 -0.00457446 0.00212511 0.00226615 -0.00113307
0.86 0.000289286 0.131149 -0.124827 0.000796881 0.112544 -0.106583 0.00119436 0.095237 -0.0898509 0.00149148 0.0797339 -0.075003 0.00170654 0.0661927 -0.0621134 0.00185878 0.0545562 -0.0510784 0.00196491 0.0446527 -0.0417048 0.00203808 0.0362614 -0.0337658 0.00208813 0.0291509 -0.0270317 0.00212209 0.0230994 -0.0212863 0.00214494 0.0179027 -0.0163322 0.00216006 0.0133768 -0.0119918 0.00216975 0.00935612 -0.00810532 0.00217549 0.00569071 -0.00452691 0.00217815 0.00224207 -0.00112104
0.88 0.000299428 0.132671 -0.126202 0.000823846 0.113644 -0.107554 0.00123298 0.0959714 -0.0904796 0.00153745 0.0801759 -0.0753642 0.00175677 0.0664148 -0.0622772 0.00191126 0.0546221 -0.0511046 0.00201842 0.0446144 -0.0416417 0.00209194 0.0361597 -0.0336504 0.00214198 0.0290167 -0.0268922 0.00217579 0.0229555 -0.0211432 0.00219842 0.0177657 -0.0162004 0.00221335 0.0132585 -0.0118818 0.00222288 0.00926464 -0.00802413 0.0022285 0.00563134 -0.00447906 0.00223111 0.00221785 -0.00110893
0.9 0.000309674 0.134171 -0.127556 0.000851042 0.114722 -0.108503 0.00127185 0.096686 -0.091089 0.00158362 0.0806003 -0.0757087 0.00180714 0.0666221 -0.0624271 0.00196381 0.0546761 -0.0511199 0.00207194 0.044567 -0.0415702 0.00214578 0.0360513 -0.0335291 0.00219578 0.0288778 -0.0267486 0.00222942 0.0228085 -0.0209975 0.00225183 0.0176268 -0.016067 0.00226656 0.013139 -0.0117708 0.00227593 0.00917253 -0.00794244 0.00228144 0.00557167 -0.00443099 0.00228399 0.00219354 -0.00109677
0.92 0.000320024 0.13565 -0.128889 0.000878465 0.11578 -0.109432 0.00131095 0.0973815 -0.09168 0.00162999 0.0810079 -0.0760373 0.00185763 0.0668153 -0.062564 0.00201641 0.0547189 -0.051125 0.00212547 0.0445112 -0.0414912 0.00219958 0.0359368 -0.0334024 0.00224954 0.0287346 -0.0266013 0.00228298 0.0226587 -0.0208494 0.00230518 0.0174861 -0.0159322 0.0023197 0.0130187 -0.0116591 0.00232891 0.00907996 -0.00786039 0.00233431 0.00551179 -0.00438276 0.00233681 0.00216916 -0.00108458
0.94 0.000330476 0.137109 -0.130203 0.000906111 0.116819 -0.110341 0.0013503 0.0980587 -0.0922535 0.00167654 0.0813995 -0.0763507 0.00190823 0.0669952 -0.0626885 0.00206907 0.0547511 -0.0511205 0.00217901 0.0444474 -0.041405 0.00225336 0.0358166 -0.0332706 0.00230324 0.0285876 -0.0264507 0.00233649 0.0225065 -0.0206992 0.00235846 0.0173441 -0.0157962 0.00237277 0.0128975 -0.0115468 0.00238182 0.00898705 -0.00777808 0.00238711 0.00545179 -0.00433446 0.00238955 0.00214475 -0.00107238
0.96 0.000341029 0.138548 -0.131497 0.000933976 0.117839 -0.111233 0.00138987 0.0987185 -0.0928101 0.00172328 0.0817757 -0.0766496 0.00195896 0.0671624 -0.0628013 0.00212178 0.0547735 -0.0511069 0.00223255 0.0443762 -0.0413122 0.0023071 0.0356912 -0.0331343 0.0023569 0.0284372 -0.0262971 0.00238993 0.0223521 -0.0205473 0.00241167 0.0172009 -0.0156593 0.00242578 0.0127758 -0.011434 0.00243466 0.00889393 -0.00769564 0.00243985 0.00539174 -0.00428613 0.00244224 0.00212035 -0.00106017
0.98 0.000351682 0.13997 -0.132772 0.000962058 0.11884 -0.112106 0.00142968 0.0993615 -0.0933506 0.00177019 0.0821373 -0.0769348 0.00200979 0.0673176 -0.0629029 0.00217454 0.0547865 -0.0510848 0.00228609 0.0442982 -0.0412132 0.00236082 0.0355611 -0.0329938 0.0024105 0.0282837 -0.0261409 0.00244332 0.022196 -0.0203939 0.00246482 0.0170567 -0.0155216 0.00247872 0.0126537 -0.011321 0.00248745 0.0088007 -0.00761315 0.00249253 0.00533172 -0.00423783 0.00249486 0.00209597 -0.00104798
1 0.000362433 0.141373 -0.13403 0.000990352 0.119824 -0.112963 0.0014697 0.0999883 -0.0938756 0.00181727 0.0824849 -0.0772068 0.00206072 0.0674614 -0.062994 0.00222735 0.0547907 -0.0510547 0.00233963 0.0442137 -0.0411086 0.00241451 0.0354265 -0.0328495 0.00246406 0.0281274 -0.0259823 0.00249665 0.0220382 -0.0202391 0.00251792 0.0169117 -0.0153833 0.00253161 0.0125314 -0.0112078 0.00254017 0.00870748 -0.0075307 0.00254515 0.00527177 -0.00418961 0.00254743 0.00207163 -0.00103582
