0.02 1053.48 646494 -603282 3064.24 603282 -560076 4930.59 560076 -516882 6652.43 516882 -473705 8229.79 473705 -430547 9662.77 430547 -387410 10951.5 387410 -344295 12096.3 344295 -301202 13097.3 301202 -258129 13954.7 258129 -215076 14668.8 215076 -172039 15239.8 172039 -129016 15667.9 129016 -86004.7 15953.3 86004.7 -43000.5 16095.9 43000.5 1.19281e-06
0.04 4180.7 1.28305e+06 -1.19663e+06 12155.6 1.19663e+06 -1.11027e+06 19548.4 1.11027e+06 -1.02399e+06 26357.9 1.02399e+06 -937851 32584.4 937851 -851859 38229.6 851859 -766031 43296.1 766031 -680375 47787 680375 -594888 51706.1 594888 -509563 55057 509563 -424387 57843.1 424387 -339342 60067.7 339342 -254407 61733.7 254407 -169556 62843 169556 -84763.4 63397.3 84763.4 -1.36985e-05
0.06 9288.94 1.90111e+06 -1.77149e+06 26990.8 1.77149e+06 -1.64204e+06 43367.9 1.64204e+06 -1.51292e+06 58414 1.51292e+06 -1.38421e+06 72131.1 1.38421e+06 -1.25599e+06 84527.4 1.25599e+06 -1.12831e+06 95615.8 1.12831e+06 -1.00119e+06 105412 1.00119e+06 -874617 113933 874617 -748570 121198 748570 -623006 127222 623006 -497864 132021 497864 -373077 135608 373077 -248562 137993 248562 -124234 139184 124234 -0.000139235
0.08 16243.3 2.49436e+06 -2.32155e+06 47158.3 2.32155e+06 -2.14915e+06 75683.9 2.14915e+06 -1.97746e+06 101802 1.97746e+06 -1.80673e+06 125520 1.80673e+06 -1.63713e+06 146862 1.63713e+06 -1.46874e+06 165869 1.46874e+06 -1.30161e+06 182587 1.30161e+06 -1.13572e+06 197068 1.13572e+06 -971008 209364 971008 -807379 219525 807379 -644698 227595 644698 -482806 233612 482806 -321524 237607 321524 -160657 239599 160657 -7.55681e-08
0.1 24887.9 3.059e+06 -2.84303e+06 72181.9 2.84303e+06 -2.62781e+06 115682 2.62781e+06 -2.41392e+06 155347 2.41392e+06 -2.20183e+06 191198 2.20183e+06 -1.99181e+06 223294 1.99181e+06 -1.78406e+06 251726 1.78406e+06 -1.57862e+06 276603 1.57862e+06 -1.37547e+06 298042 1.37547e+06 -1.17448e+06 316161 1.17448e+06 -975465 331070 975465 -778181 342868 778181 -582333 351640 582333 -387593 357450 387593 -193606 360344 193606 1.29527e-07
0.12 35063.2 3.59346e+06 -3.33433e+06 101576 3.33433e+06 -3.07644e+06 162531 3.07644e+06 -2.82076e+06 217857 2.82076e+06 -2.56801e+06 267595 2.56801e+06 -2.31866e+06 311868 2.31866e+06 -2.07299e+06 350854 2.07299e+06 -1.83108e+06 384762 1.83108e+06 -1.59285e+06 413818 1.59285e+06 -1.35811e+06 438242 1.35811e+06 -1.12654e+06 458243 1.12654e+06 -897741 474006 897741 -671231 485687 671231 -446487 493406 446487 -222941 497244 222941 1.83529e-07
0.14 46619.1 4.0978e+06 -3.79554e+06 134882 3.79554e+06 -3.49515e+06 215452 3.49515e+06 -3.19808e+06 288213 3.19808e+06 -2.90542e+06 353246 2.90542e+06 -2.61784e+06 410772 2.61784e+06 -2.33574e+06 461100 2.33574e+06 -2.05922e+06 504592 2.05922e+06 -1.78814e+06 541628 1.78814e+06 -1.52218e+06 572580 1.52218e+06 -1.26087e+06 597795 1.26087e+06 -1.00361e+06 617579 1.00361e+06 -749691 632186 749691 -498340 641813 498340 -248731 646593 248731 -1.61934e-07
0.16 59420.2 4.5732e+06 -4.22783e+06 171689 4.22783e+06 -3.8851e+06 273742 3.8851e+06 -3.54708e+06 365414 3.54708e+06 -3.21524e+06 446849 3.21524e+06 -2.89055e+06 518405 2.89055e+06 -2.57349e+06 580581 2.57349e+06 -2.26418e+06 633946 2.26418e+06 -1.9624e+06 679091 1.9624e+06 -1.66768e+06 716589 1.66768e+06 -1.37934e+06 746969 1.37934e+06 -1.09653e+06 770693 1.09653e+06 -818295 788142 818295 -543554 799609 543554 -271180 805293 271180 -0.000130886
0.18 73348.7 5.02146e+06 -4.633e+06 211638 4.633e+06 -4.2481e+06 336795 4.2481e+06 -3.86954e+06 448597 3.86954e+06 -3.49928e+06 547283 3.49928e+06 -3.13855e+06 633403 3.13855e+06 -2.78795e+06 707705 2.78795e+06 -2.4476e+06 771027 2.4476e+06 -2.11717e+06 824231 2.11717e+06 -1.796e+06 868143 1.796e+06 -1.48317e+06 903515 1.48317e+06 -1.17754e+06 931001 1.17754e+06 -877837 951136 877837 -582668 964331 582668 -290563 970859 290563 -5.79244e-05
0.2 88303.5 5.44468e+06 -5.01314e+06 254421 5.01314e+06 -4.58624e+06 404089 4.58624e+06 -4.16756e+06 537026 4.16756e+06 -3.75958e+06 653604 3.75958e+06 -3.36385e+06 754625 3.36385e+06 -2.98109e+06 841151 2.98109e+06 -2.61136e+06 914360 2.61136e+06 -2.2542e+06 975443 2.2542e+06 -1.90872e+06 1.02553e+06 1.90872e+06 -1.57372e+06 1.06564e+06 1.57372e+06 -1.24775e+06 1.09665e+06 1.24775e+06 -929191 1.11927e+06 929191 -616279 1.13405e+06 616279 -307180 1.14135e+06 307180 -2.29603e-05
0.22 104199 5.845e+06 -5.37041e+06 299777 5.37041e+06 -4.90167e+06 475184 4.90167e+06 -4.44326e+06 630083 4.44326e+06 -3.99827e+06 765022 3.99827e+06 -3.56853e+06 881124 3.56853e+06 -3.15488e+06 979840 3.15488e+06 -2.75733e+06 1.06275e+06 2.75733e+06 -2.37522e+06 1.13144e+06 2.37522e+06 -2.00741e+06 1.1874e+06 2.00741e+06 -1.65238e+06 1.23194e+06 1.65238e+06 -1.30832e+06 1.2662e+06 1.30832e+06 -973232 1.29109e+06 973232 -644981 1.3073e+06 644981 -321333 1.31529e+06 321333 -8.23635e-06
0.24 120961 6.22451e+06 -5.70688e+06 347486 5.70688e+06 -5.19646e+06 549708 5.19646e+06 -4.69872e+06 727246 4.69872e+06 -4.21738e+06 880880 4.21738e+06 -3.75459e+06 1.01212e+06 3.75459e+06 -3.31127e+06 1.12289e+06 3.31127e+06 -2.88733e+06 1.21524e+06 2.88733e+06 -2.48192e+06 1.29122e+06 2.48192e+06 -2.09358e+06 1.35269e+06 2.09358e+06 -1.72044e+06 1.40133e+06 1.72044e+06 -1.36031e+06 1.43855e+06 1.36031e+06 -1.01079e+06 1.46548e+06 1.01079e+06 -669337 1.48296e+06 669337 -333306 1.49156e+06 333306 -3.08731e-06
0.26 138530 6.58517e+06 -6.02452e+06 397360 6.02452e+06 -5.47257e+06 627347 5.47257e+06 -4.93589e+06 828080 4.93589e+06 -4.41882e+06 1.00063e+06 4.41882e+06 -3.92388e+06 1.14698e+06 3.92388e+06 -3.45202e+06 1.26959e+06 3.45202e+06 -3.00305e+06 1.37106e+06 3.00305e+06 -2.57584e+06 1.45395e+06 2.57584e+06 -2.16861e+06 1.52057e+06 2.16861e+06 -1.7791e+06 1.57297e+06 1.7791e+06 -1.40471e+06 1.61286e+06 1.40471e+06 -1.04263e+06 1.64159e+06 1.04263e+06 -689862 1.66019e+06 689862 -343359 1.66932e+06 343359 -8.95961e-07
0.28 156851 6.92876e+06 -6.32511e+06 449239 6.32511e+06 -5.73178e+06 707833 5.73178e+06 -5.15651e+06 932216 5.15651e+06 -4.60435e+06 1.12381e+06 4.60435e+06 -4.0781e+06 1.28516e+06 4.0781e+06 -3.57878e+06 1.41935e+06 3.57878e+06 -3.10601e+06 1.5296e+06 3.10601e+06 -2.6584e+06 1.61901e+06 2.6584e+06 -2.23377e+06 1.69041e+06 2.23377e+06 -1.82946e+06 1.74622e+06 1.82946e+06 -1.44243e+06 1.78849e+06 1.44243e+06 -1.06942e+06 1.81881e+06 1.06942e+06 -707019 1.83837e+06 707019 -351727 1.84795e+06 351727 -5.39876e-08
0.3 175880 7.25689e+06 -6.61025e+06 502986 6.61025e+06 -5.9757e+06 790940 5.9757e+06 -5.3622e+06 1.03934e+06 5.3622e+06 -4.77552e+06 1.25005e+06 4.77552e+06 -4.21877e+06 1.42623e+06 4.21877e+06 -3.69299e+06 1.57169e+06 3.69299e+06 -3.19759e+06 1.69034e+06 3.19759e+06 -2.73084e+06 1.78589e+06 2.73084e+06 -2.29018e+06 1.86169e+06 2.29018e+06 -1.87248e+06 1.92059e+06 1.87248e+06 -1.47426e+06 1.96496e+06 1.47426e+06 -1.09179e+06 1.99665e+06 1.09179e+06 -721219 2.01703e+06 721219 -358615 2.027e+06 358615 -2.05124e-07
0.32 195578 7.571e+06 -6.8814e+06 558484 6.8814e+06 -6.20577e+06 876471 6.20577e+06 -5.55438e+06 1.14919e+06 5.55438e+06 -4.93374e+06 1.37901e+06 4.93374e+06 -4.34727e+06 1.56982e+06 4.34727e+06 -3.79596e+06 1.72623e+06 3.79596e+06 -3.279e+06 1.85289e+06 3.279e+06 -2.79429e+06 1.95419e+06 2.79429e+06 -2.33882e+06 2.03402e+06 2.33882e+06 -1.90901e+06 2.09569e+06 1.90901e+06 -1.50088e+06 2.1419e+06 1.50088e+06 -1.11026e+06 2.17478e+06 1.11026e+06 -732824 2.19585e+06 732824 -364205 2.20614e+06 364205 -1.94297e-07
0.34 215911 7.87239e+06 -7.13983e+06 615631 7.13983e+06 -6.42326e+06 964258 6.42326e+06 -5.73431e+06 1.26153e+06 5.73431e+06 -5.08026e+06 1.51041e+06 5.08026e+06 -4.46479e+06 1.71563e+06 4.46479e+06 -3.88884e+06 1.88264e+06 3.88884e+06 -3.35132e+06 2.01694e+06 3.35132e+06 -2.84972e+06 2.1236e+06 2.84972e+06 -2.38058e+06 2.20711e+06 2.38058e+06 -1.9398e+06 2.27125e+06 1.9398e+06 -1.52293e+06 2.31906e+06 1.52293e+06 -1.1253e+06 2.35293e+06 1.1253e+06 -742149 2.37457e+06 742149 -368658 2.38512e+06 368658 1.29541e-07
0.36 236849 8.16218e+06 -7.38669e+06 674337 7.38669e+06 -6.62931e+06 1.05415e+06 6.62931e+06 -5.90313e+06 1.37618e+06 5.90313e+06 -5.21618e+06 1.64404e+06 5.21618e+06 -4.57241e+06 1.86339e+06 4.57241e+06 -3.97265e+06 2.04066e+06 3.97265e+06 -3.4155e+06 2.1822e+06 3.4155e+06 -2.89802e+06 2.29385e+06 2.89802e+06 -2.41622e+06 2.38072e+06 2.41622e+06 -1.96551e+06 2.44703e+06 1.96551e+06 -1.54093e+06 2.49622e+06 1.54093e+06 -1.13733e+06 2.53092e+06 1.13733e+06 -749471 2.55302e+06 749471 -372113 2.56377e+06 372113 1.07946e-07
0.38 258368 8.44139e+06 -7.62298e+06 734524 7.62298e+06 -6.82494e+06 1.14603e+06 6.82494e+06 -6.06184e+06 1.49294e+06 6.06184e+06 -5.34249e+06 1.77967e+06 5.34249e+06 -4.67107e+06 2.01289e+06 4.67107e+06 -4.04829e+06 2.20005e+06 4.04829e+06 -3.47239e+06 2.34846e+06 3.47239e+06 -2.93993e+06 2.46475e+06 2.93993e+06 -2.44642e+06 2.55465e+06 2.44642e+06 -1.98672e+06 2.62289e+06 1.98672e+06 -1.55536e+06 2.67325e+06 1.55536e+06 -1.14669e+06 2.70862e+06 1.14669e+06 -755032 2.73108e+06 755032 -374690 2.74199e+06 374690 -1.07946e-07
0.4 280443 8.71093e+06 -7.84962e+06 796123 7.84962e+06 -7.01104e+06 1.23977e+06 7.01104e+06 -6.21132e+06 1.61169e+06 6.21132e+06 -5.46006e+06 1.91715e+06 5.46006e+06 -4.76162e+06 2.16394e+06 4.76162e+06 -4.11656e+06 2.36064e+06 4.11656e+06 -3.52271e+06 2.51555e+06 3.52271e+06 -2.97613e+06 2.63613e+06 2.97613e+06 -2.47177e+06 2.72877e+06 2.47177e+06 -2.00394e+06 2.79868e+06 2.00394e+06 -1.56663e+06 2.85002e+06 1.56663e+06 -1.15372e+06 2.88593e+06 1.15372e+06 -759042 2.90866e+06 759042 -376496 2.91968e+06 376496 6.47851e-08
0.42 303055 8.97159e+06 -8.06739e+06 859072 8.06739e+06 -7.1884e+06 1.33528e+06 7.1884e+06 -6.35237e+06 1.73227e+06 6.35237e+06 -5.56965e+06 2.0563e+06 5.56965e+06 -4.84481e+06 2.31637e+06 4.84481e+06 -4.17817e+06 2.52226e+06 4.17817e+06 -3.56714e+06 2.68331e+06 3.56714e+06 -3.00722e+06 2.80787e+06 3.00722e+06 -2.4928e+06 2.90296e+06 2.4928e+06 -2.01761e+06 2.97432e+06 2.01761e+06 -1.57511e+06 3.02646e+06 1.57511e+06 -1.15867e+06 3.06279e+06 1.15867e+06 -761686 3.08571e+06 761686 -377623 3.0968e+06 377623 -8.63511e-08
0.44 326184 9.22408e+06 -8.27701e+06 923315 8.27701e+06 -7.35774e+06 1.43246e+06 7.35774e+06 -6.48568e+06 1.85458e+06 6.48568e+06 -5.67196e+06 2.19701e+06 5.67196e+06 -4.92128e+06 2.47006e+06 4.92128e+06 -4.23373e+06 2.68477e+06 4.23373e+06 -3.60624e+06 2.85163e+06 3.60624e+06 -3.03372e+06 2.97984e+06 3.03372e+06 -2.50996e+06 3.07713e+06 2.50996e+06 -2.02812e+06 3.14974e+06 2.02812e+06 -1.5811e+06 3.20253e+06 1.5811e+06 -1.16179e+06 3.23915e+06 1.16179e+06 -763125 3.26219e+06 763125 -378153 3.27331e+06 378153 2.59082e-07
0.46 349815 9.46904e+06 -8.47911e+06 988803 8.47911e+06 -7.51969e+06 1.53124e+06 7.51969e+06 -6.61188e+06 1.97852e+06 6.61188e+06 -5.76759e+06 2.33915e+06 5.76759e+06 -4.99164e+06 2.62486e+06 4.99164e+06 -4.28382e+06 2.84808e+06 4.28382e+06 -3.64053e+06 3.0204e+06 3.64053e+06 -3.0561e+06 3.15198e+06 3.0561e+06 -2.52367e+06 3.25123e+06 2.52367e+06 -2.03581e+06 3.32488e+06 2.03581e+06 -1.58489e+06 3.37817e+06 1.58489e+06 -1.16329e+06 3.41499e+06 1.16329e+06 -763501 3.43809e+06 763501 -378155 3.44922e+06 378155 4.3161e-08
0.48 373933 9.70704e+06 -8.67427e+06 1.05549e+06 8.67427e+06 -7.67482e+06 1.63154e+06 7.67482e+06 -6.73154e+06 2.10398e+06 6.73154e+06 -5.8571e+06 2.48261e+06 5.8571e+06 -5.05641e+06 2.78069e+06 5.05641e+06 -4.32891e+06 3.01206e+06 4.32891e+06 -3.67046e+06 3.18954e+06 3.67046e+06 -3.07475e+06 3.32421e+06 3.07475e+06 -2.53427e+06 3.42518e+06 2.53427e+06 -2.041e+06 3.49971e+06 2.041e+06 -1.58673e+06 3.55338e+06 1.58673e+06 -1.16336e+06 3.5903e+06 1.16336e+06 -762937 3.6134e+06 762937 -377694 3.6245e+06 377694 -2.15892e-07
0.5 398523 9.93858e+06 -8.86298e+06 1.12334e+06 8.86298e+06 -7.82362e+06 1.73329e+06 7.82362e+06 -6.84514e+06 2.23088e+06 6.84514e+06 -5.94096e+06 2.62731e+06 5.94096e+06 -5.11604e+06 2.93745e+06 5.11604e+06 -4.36945e+06 3.17665e+06 4.36945e+06 -3.69644e+06 3.35898e+06 3.69644e+06 -3.09005e+06 3.49647e+06 3.09005e+06 -2.5421e+06 3.59896e+06 2.5421e+06 -2.04394e+06 3.67421e+06 2.04394e+06 -1.58683e+06 3.72812e+06 1.58683e+06 -1.16216e+06 3.76508e+06 1.16216e+06 -761544 3.78812e+06 761544 -376822 3.79918e+06 376822 8.63511e-08
0.52 423574 1.01641e+07 -9.04571e+06 1.1923e+06 9.04571e+06 -7.96656e+06 1.83644e+06 7.96656e+06 -6.95315e+06 2.35915e+06 6.95315e+06 -6.01963e+06 2.77316e+06 6.01963e+06 -5.17097e+06 3.09506e+06 5.17097e+06 -4.40583e+06 3.34177e+06 4.40583e+06 -3.71883e+06 3.52865e+06 3.71883e+06 -3.10231e+06 3.66873e+06 3.10231e+06 -2.54742e+06 3.77254e+06 2.54742e+06 -2.04487e+06 3.84835e+06 2.04487e+06 -1.58537e+06 3.90241e+06 1.58537e+06 -1.15983e+06 3.93932e+06 1.15983e+06 -759416 3.96227e+06 759416 -375589 3.97326e+06 375589 1.94297e-07
0.54 449074 1.03841e+07 -9.22288e+06 1.26236e+06 9.22288e+06 -8.10405e+06 1.94093e+06 8.10405e+06 -7.05596e+06 2.48871e+06 7.05596e+06 -6.09349e+06 2.92008e+06 6.09349e+06 -5.22157e+06 3.25344e+06 5.22157e+06 -4.43841e+06 3.50735e+06 4.43841e+06 -3.73796e+06 3.69851e+06 3.73796e+06 -3.11184e+06 3.84093e+06 3.11184e+06 -2.55049e+06 3.94589e+06 2.55049e+06 -2.04402e+06 4.02213e+06 2.04402e+06 -1.58255e+06 4.07624e+06 1.58255e+06 -1.1565e+06 4.11304e+06 1.1565e+06 -756640 4.13585e+06 756640 -374037 4.14675e+06 374037 0
0.56 475012 1.05988e+07 -9.39484e+06 1.33346e+06 9.39484e+06 -8.23646e+06 2.0467e+06 8.23646e+06 -7.15394e+06 2.61951e+06 7.15394e+06 -6.16289e+06 3.068e+06 6.16289e+06 -5.26818e+06 3.41252e+06 5.26818e+06 -4.4675e+06 3.67334e+06 4.4675e+06 -3.75411e+06 3.86851e+06 3.75411e+06 -3.11887e+06 4.01306e+06 3.11887e+06 -2.55154e+06 4.11899e+06 2.55154e+06 -2.04155e+06 4.19554e+06 2.04155e+06 -1.57849e+06 4.24962e+06 1.57849e+06 -1.15229e+06 4.28625e+06 1.15229e+06 -753291 4.30889e+06 753291 -372204 4.31969e+06 372204 1.07946e-07
0.58 501378 1.08087e+07 -9.56194e+06 1.40559e+06 9.56194e+06 -8.36412e+06 2.15372e+06 8.36412e+06 -7.24743e+06 2.75148e+06 7.24743e+06 -6.22817e+06 3.21688e+06 6.22817e+06 -5.31111e+06 3.57226e+06 5.31111e+06 -4.49338e+06 3.8397e+06 4.49338e+06 -3.76754e+06 4.03862e+06 3.76754e+06 -3.12366e+06 4.1851e+06 3.12366e+06 -2.55076e+06 4.29184e+06 2.55076e+06 -2.03765e+06 4.36858e+06 2.03765e+06 -1.57334e+06 4.42255e+06 1.57334e+06 -1.14729e+06 4.45896e+06 1.14729e+06 -749436 4.4814e+06 749436 -370123 4.49209e+06 370123 -6.47851e-08
0.6 528164 1.1014e+07 -9.72448e+06 1.47872e+06 9.72448e+06 -8.48733e+06 2.26194e+06 8.48733e+06 -7.33671e+06 2.88458e+06 7.33671e+06 -6.2896e+06 3.36664e+06 6.2896e+06 -5.35062e+06 3.7326e+06 5.35062e+06 -4.51632e+06 4.00637e+06 4.51632e+06 -3.77848e+06 4.2088e+06 3.77848e+06 -3.12639e+06 4.35701e+06 3.12639e+06 -2.54833e+06 4.46443e+06 2.54833e+06 -2.03245e+06 4.54126e+06 2.03245e+06 -1.56721e+06 4.59504e+06 1.56721e+06 -1.1416e+06 4.6312e+06 1.1416e+06 -745134 4.65341e+06 745134 -367823 4.66396e+06 367823 8.63802e-08
0.62 555361 1.1215e+07 -9.88274e+06 1.55282e+06 9.88274e+06 -8.60638e+06 2.37131e+06 8.60638e+06 -7.42207e+06 3.01874e+06 7.42207e+06 -6.34746e+06 3.51723e+06 6.34746e+06 -5.38697e+06 3.8935e+06 5.38697e+06 -4.53654e+06 4.17332e+06 4.53654e+06 -3.78715e+06 4.37903e+06 3.78715e+06 -3.12727e+06 4.5288e+06 3.12727e+06 -2.54442e+06 4.63675e+06 2.54442e+06 -2.0261e+06 4.71358e+06 2.0261e+06 -1.56022e+06 4.76712e+06 1.56022e+06 -1.13529e+06 4.80297e+06 1.13529e+06 -740438 4.82493e+06 740438 -365332 4.83535e+06 365332 6.47851e-08
0.64 582960 1.1412e+07 -1.0037e+07 1.62787e+06 1.0037e+07 -8.72151e+06 2.4818e+06 8.72151e+06 -7.50375e+06 3.15393e+06 7.50375e+06 -6.40197e+06 3.66862e+06 6.40197e+06 -5.42039e+06 4.0549e+06 5.42039e+06 -4.55427e+06 4.34051e+06 4.55427e+06 -3.79374e+06 4.54929e+06 3.79374e+06 -3.12645e+06 4.70043e+06 3.12645e+06 -2.53916e+06 4.8088e+06 2.53916e+06 -2.01871e+06 4.88554e+06 2.01871e+06 -1.55245e+06 4.93878e+06 1.55245e+06 -1.12843e+06 4.9743e+06 1.12843e+06 -735395 4.99599e+06 735395 -362672 5.00626e+06 362672 -2.15659e-08
0.66 610955 1.16052e+07 -1.01874e+07 1.70384e+06 1.01874e+07 -8.83295e+06 2.59338e+06 8.83295e+06 -7.58198e+06 3.2901e+06 7.58198e+06 -6.45337e+06 3.82075e+06 6.45337e+06 -5.45109e+06 4.21677e+06 5.45109e+06 -4.56967e+06 4.50793e+06 4.56967e+06 -3.79841e+06 4.71955e+06 3.79841e+06 -3.12409e+06 4.87192e+06 3.12409e+06 -2.53269e+06 4.98059e+06 2.53269e+06 -2.0104e+06 5.05716e+06 2.0104e+06 -1.544e+06 5.11005e+06 1.544e+06 -1.12109e+06 5.1452e+06 1.12109e+06 -730047 5.1666e+06 730047 -359866 5.17672e+06 359866 1.51136e-07
0.68 639337 1.17947e+07 -1.03343e+07 1.78071e+06 1.03343e+07 -8.94092e+06 2.70601e+06 8.94092e+06 -7.65696e+06 3.42721e+06 7.65696e+06 -6.50185e+06 3.97359e+06 6.50185e+06 -5.47924e+06 4.37909e+06 5.47924e+06 -4.58294e+06 4.67554e+06 4.58294e+06 -3.80133e+06 4.88981e+06 3.80133e+06 -3.12032e+06 5.04325e+06 3.12032e+06 -2.52513e+06 5.15211e+06 2.52513e+06 -2.00125e+06 5.22845e+06 2.00125e+06 -1.53493e+06 5.28094e+06 1.53493e+06 -1.11333e+06 5.3157e+06 1.11333e+06 -724433 5.3368e+06 724433 -356930 5.34676e+06 356930 6.4756e-08
0.7 668102 1.19809e+07 -1.04777e+07 1.85847e+06 1.04777e+07 -9.04561e+06 2.81965e+06 9.04561e+06 -7.72888e+06 3.56523e+06 7.72888e+06 -6.54759e+06 4.1271e+06 6.54759e+06 -5.50504e+06 4.54181e+06 5.50504e+06 -4.59423e+06 4.84331e+06 4.59423e+06 -3.80263e+06 5.06004e+06 3.80263e+06 -3.11527e+06 5.21441e+06 3.11527e+06 -2.51657e+06 5.32337e+06 2.51657e+06 -1.99135e+06 5.3994e+06 1.99135e+06 -1.52533e+06 5.45147e+06 1.52533e+06 -1.10519e+06 5.4858e+06 1.10519e+06 -718585 5.5066e+06 718585 -353883 5.51639e+06 353883 -1.33638e-05
0.72 697241 1.21638e+07 -1.0618e+07 1.93708e+06 1.0618e+07 -9.14719e+06 2.93428e+06 9.14719e+06 -7.79792e+06 3.70412e+06 7.79792e+06 -6.59076e+06 4.28124e+06 6.59076e+06 -5.52862e+06 4.70491e+06 5.52862e+06 -4.60368e+06 5.01123e+06 4.60368e+06 -3.80245e+06 5.23024e+06 3.80245e+06 -3.10906e+06 5.3854e+06 3.10906e+06 -2.50712e+06 5.49437e+06 2.50712e+06 -1.98079e+06 5.57005e+06 1.98079e+06 -1.51524e+06 5.62164e+06 1.51524e+06 -1.09673e+06 5.65554e+06 1.09673e+06 -712534 5.67601e+06 712534 -350738 5.68564e+06 350738 -9.69364e-06
0.74 726750 1.23437e+07 -1.07552e+07 2.01655e+06 1.07552e+07 -9.24583e+06 3.04988e+06 9.24583e+06 -7.86424e+06 3.84384e+06 7.86424e+06 -6.63152e+06 4.43599e+06 6.63152e+06 -5.55014e+06 4.86835e+06 5.55014e+06 -4.61142e+06 5.17929e+06 4.61142e+06 -3.80091e+06 5.4004e+06 3.80091e+06 -3.10178e+06 5.55623e+06 3.10178e+06 -2.49685e+06 5.66512e+06 2.49685e+06 -1.96963e+06 5.74038e+06 1.96963e+06 -1.50473e+06 5.79147e+06 1.50473e+06 -1.08798e+06 5.82493e+06 1.08798e+06 -706307 5.84507e+06 706307 -347511 5.85452e+06 347511 -7.01656e-06
0.76 756622 1.25206e+07 -1.08895e+07 2.09684e+06 1.08895e+07 -9.34168e+06 3.16641e+06 9.34168e+06 -7.92798e+06 3.98437e+06 7.92798e+06 -6.67e+06 4.59131e+06 6.67e+06 -5.56973e+06 5.03213e+06 5.56973e+06 -4.61758e+06 5.34745e+06 4.61758e+06 -3.7981e+06 5.5705e+06 3.7981e+06 -3.09353e+06 5.72688e+06 3.09353e+06 -2.48586e+06 5.83562e+06 2.48586e+06 -1.95794e+06 5.91042e+06 1.95794e+06 -1.49385e+06 5.96099e+06 1.49385e+06 -1.07898e+06 5.99398e+06 1.07898e+06 -699929 6.01378e+06 699929 -344212 6.02306e+06 344212 -5.2462e-06
0.78 786852 1.26948e+07 -1.10211e+07 2.17794e+06 1.10211e+07 -9.43487e+06 3.28385e+06 9.43487e+06 -7.98929e+06 4.12568e+06 7.98929e+06 -6.70634e+06 4.74718e+06 6.70634e+06 -5.5875e+06 5.19621e+06 5.5875e+06 -4.62227e+06 5.51571e+06 4.62227e+06 -3.79413e+06 5.74053e+06 3.79413e+06 -3.08438e+06 5.89736e+06 3.08438e+06 -2.47421e+06 6.00587e+06 2.47421e+06 -1.94578e+06 6.08018e+06 1.94578e+06 -1.48264e+06 6.13019e+06 1.48264e+06 -1.06977e+06 6.1627e+06 1.06977e+06 -693421 6.18217e+06 693421 -340853 6.19127e+06 340853 -3.86449e-06
0.8 817435 1.28664e+07 -1.115e+07 2.25984e+06 1.115e+07 -9.52554e+06 3.40217e+06 9.52554e+06 -8.04828e+06 4.26774e+06 8.04828e+06 -6.74066e+06 4.90356e+06 6.74066e+06 -5.60359e+06 5.36057e+06 5.60359e+06 -4.62558e+06 5.68405e+06 4.62558e+06 -3.78909e+06 5.91051e+06 3.78909e+06 -3.07443e+06 6.06768e+06 3.07443e+06 -2.46197e+06 6.17589e+06 2.46197e+06 -1.9332e+06 6.24966e+06 1.9332e+06 -1.47114e+06 6.2991e+06 1.47114e+06 -1.06037e+06 6.33113e+06 1.06037e+06 -686804 6.35025e+06 686804 -337443 6.35917e+06 337443 -2.67709e-06
0.82 848365 1.30354e+07 -1.12764e+07 2.34253e+06 1.12764e+07 -9.61381e+06 3.52136e+06 9.61381e+06 -8.10508e+06 4.41052e+06 8.10508e+06 -6.77306e+06 5.06044e+06 6.77306e+06 -5.61807e+06 5.52519e+06 5.61807e+06 -4.62762e+06 5.85246e+06 4.62762e+06 -3.78306e+06 6.0804e+06 3.78306e+06 -3.06374e+06 6.23782e+06 3.06374e+06 -2.44919e+06 6.34568e+06 2.44919e+06 -1.92024e+06 6.41887e+06 1.92024e+06 -1.45939e+06 6.46773e+06 1.45939e+06 -1.05081e+06 6.49926e+06 1.05081e+06 -680095 6.51803e+06 680095 -333992 6.52678e+06 333992 -2.02941e-06
0.84 879639 1.32021e+07 -1.14004e+07 2.42597e+06 1.14004e+07 -9.69979e+06 3.64139e+06 9.69979e+06 -8.15979e+06 4.554e+06 8.15979e+06 -6.80366e+06 5.21779e+06 6.80366e+06 -5.63107e+06 5.69006e+06 5.63107e+06 -4.62847e+06 6.02094e+06 4.62847e+06 -3.77612e+06 6.25023e+06 3.77612e+06 -3.05238e+06 6.40779e+06 3.05238e+06 -2.43593e+06 6.51524e+06 2.43593e+06 -1.90695e+06 6.58783e+06 1.90695e+06 -1.44743e+06 6.63609e+06 1.44743e+06 -1.04111e+06 6.66712e+06 1.04111e+06 -673310 6.68554e+06 673310 -330507 6.69411e+06 330507 -1.44649e-06
0.86 911251 1.33664e+07 -1.15222e+07 2.51017e+06 1.15222e+07 -9.78358e+06 3.76224e+06 9.78358e+06 -8.21252e+06 4.69816e+06 8.21252e+06 -6.83255e+06 5.3756e+06 6.83255e+06 -5.64265e+06 5.85516e+06 5.64265e+06 -4.6282e+06 6.18946e+06 4.6282e+06 -3.76834e+06 6.41997e+06 3.76834e+06 -3.0404e+06 6.5776e+06 3.0404e+06 -2.42224e+06 6.68459e+06 2.42224e+06 -1.89338e+06 6.75655e+06 1.89338e+06 -1.43528e+06 6.80419e+06 1.43528e+06 -1.03131e+06 6.83471e+06 1.03131e+06 -666465 6.85279e+06 666465 -326995 6.86118e+06 326995 -1.12265e-06
0.88 943197 1.35285e+07 -1.16417e+07 2.59511e+06 1.16417e+07 -9.86528e+06 3.88388e+06 9.86528e+06 -8.26335e+06 4.84296e+06 8.26335e+06 -6.85981e+06 5.53383e+06 6.85981e+06 -5.65291e+06 6.02048e+06 5.65291e+06 -4.6269e+06 6.35802e+06 4.6269e+06 -3.75978e+06 6.58962e+06 3.75978e+06 -3.02786e+06 6.74724e+06 3.02786e+06 -2.40817e+06 6.85373e+06 2.40817e+06 -1.87955e+06 6.92503e+06 1.87955e+06 -1.42298e+06 6.97204e+06 1.42298e+06 -1.02142e+06 7.00206e+06 1.02142e+06 -659571 7.01978e+06 659571 -323463 7.028e+06 323463 -9.06759e-07
0.9 975473 1.36885e+07 -1.17592e+07 2.68078e+06 1.17592e+07 -9.94497e+06 4.00631e+06 9.94497e+06 -8.31239e+06 4.98841e+06 8.31239e+06 -6.88554e+06 5.69248e+06 6.88554e+06 -5.66192e+06 6.18599e+06 5.66192e+06 -4.62463e+06 6.52662e+06 4.62463e+06 -3.7505e+06 6.75919e+06 3.7505e+06 -3.01481e+06 6.91672e+06 3.01481e+06 -2.39375e+06 7.02266e+06 2.39375e+06 -1.86551e+06 7.09328e+06 1.86551e+06 -1.41054e+06 7.13966e+06 1.41054e+06 -1.01145e+06 7.16917e+06 1.01145e+06 -652641 7.18654e+06 652641 -319917 7.19458e+06 319917 -6.47677e-07
0.92 1.00808e+06 1.38465e+07 -1.18746e+07 2.76716e+06 1.18746e+07 -1.00228e+07 4.1295e+06 1.00228e+07 -8.3597e+06 5.13446e+06 8.3597e+06 -6.9098e+06 5.85152e+06 6.9098e+06 -5.66975e+06 6.3517e+06 5.66975e+06 -4.62145e+06 6.69524e+06 4.62145e+06 -3.74055e+06 6.92868e+06 3.74055e+06 -3.00129e+06 7.08604e+06 3.00129e+06 -2.37902e+06 7.19139e+06 2.37902e+06 -1.85127e+06 7.26131e+06 1.85127e+06 -1.39799e+06 7.30705e+06 1.39799e+06 -1.00142e+06 7.33605e+06 1.00142e+06 -645686 7.35308e+06 645686 -316361 7.36094e+06 316361 -4.10189e-07
0.94 1.041e+06 1.40026e+07 -1.19881e+07 2.85425e+06 1.19881e+07 -1.00987e+07 4.25344e+06 1.00987e+07 -8.40536e+06 5.2811e+06 8.40536e+06 -6.93268e+06 6.01093e+06 6.93268e+06 -5.67647e+06 6.51757e+06 5.67647e+06 -4.61743e+06 6.86388e+06 4.61743e+06 -3.72999e+06 7.09807e+06 3.72999e+06 -2.98735e+06 7.25521e+06 2.98735e+06 -2.36402e+06 7.35993e+06 2.36402e+06 -1.83687e+06 7.42914e+06 1.83687e+06 -1.38536e+06 7.47423e+06 1.38536e+06 -991359 7.50272e+06 991359 -638715 7.51941e+06 638715 -312802 7.5271e+06 312802 -4.53379e-07
0.96 1.07424e+06 1.41567e+07 -1.20997e+07 2.94203e+06 1.20997e+07 -1.01729e+07 4.3781e+06 1.01729e+07 -8.44946e+06 5.42832e+06 8.44946e+06 -6.95424e+06 6.17071e+06 6.95424e+06 -5.68214e+06 6.68361e+06 5.68214e+06 -4.61261e+06 7.03252e+06 4.61261e+06 -3.71887e+06 7.26737e+06 3.71887e+06 -2.97304e+06 7.42422e+06 2.97304e+06 -2.34878e+06 7.52828e+06 2.34878e+06 -1.82233e+06 7.59676e+06 1.82233e+06 -1.37266e+06 7.6412e+06 1.37266e+06 -981266 7.66919e+06 981266 -631738 7.68553e+06 631738 -309242 7.69305e+06 309242 -5.61326e-07
0.98 1.1078e+06 1.43091e+07 -1.22096e+07 3.03048e+06 1.22096e+07 -1.02453e+07 4.50348e+06 1.02453e+07 -8.49204e+06 5.57609e+06 8.49204e+06 -6.97453e+06 6.33083e+06 6.97453e+06 -5.68681e+06 6.8498e+06 5.68681e+06 -4.60706e+06 7.20118e+06 4.60706e+06 -3.70722e+06 7.43658e+06 3.70722e+06 -2.95837e+06 7.59308e+06 2.95837e+06 -2.33333e+06 7.69645e+06 2.33333e+06 -1.80768e+06 7.76419e+06 1.80768e+06 -1.35991e+06 7.80798e+06 1.35991e+06 -971158 7.83546e+06 971158 -624761 7.85146e+06 624761 -305686 7.85881e+06 305686 -2.59082e-07
1 1.14166e+06 1.44597e+07 -1.23177e+07 3.11961e+06 1.23177e+07 -1.03162e+07 4.62955e+06 1.03162e+07 -8.53319e+06 5.72441e+06 8.53319e+06 -6.99363e+06 6.49128e+06 6.99363e+06 -5.69055e+06 7.01614e+06 5.69055e+06 -4.6008e+06 7.36983e+06 4.6008e+06 -3.69508e+06 7.60569e+06 3.69508e+06 -2.94339e+06 7.76179e+06 2.94339e+06 -2.3177e+06 7.86445e+06 2.3177e+06 -1.79293e+06 7.93143e+06 1.79293e+06 -1.34712e+06 7.97457e+06 1.34712e+06 -961046 8.00155e+06 961046 -617792 8.01721e+06 617792 -302138 8.0244e+06 302138 -6.4756e-08
