0.02 -0.265468
0.04 -0.523975
0.06 -0.769635
0.08 -0.998314
0.1 -1.20778
0.12 -1.39743
0.14 -1.56782
0.16 -1.72024
0.18 -1.85633
0.2 -1.97781
0.22 -2.08639
0.24 -2.18364
0.26 -2.27098
0.28 -2.34964
0.3 -2.42072
0.32 -2.48517
0.34 -2.5438
0.36 -2.5973
0.38 -2.6463
0.4 -2.69129
0.42 -2.73275
0.44 -2.77106
0.46 -2.80656
0.48 -2.83953
0.5 -2.87025
0.52 -2.89894
0.54 -2.92579
0.56 -2.95098
0.58 -2.97466
0.6 -2.99697
0.62 -3.01802
0.64 -3.03793
0.66 -3.0568
0.68 -3.0747
0.7 -3.09172
0.72 -3.10792
0.74 -3.12337
0.76 -3.13812
0.78 -3.15222
0.8 -3.16572
0.82 -3.17867
0.84 -3.19109
0.86 -3.20302
0.88 -3.21451
0.9 -3.22556
0.92 -3.23622
0.94 -3.24651
0.96 -3.25644
0.98 -3.26604
1 -3.27533
