0.00230167 -0.001
0.00460204 -0.002
0.00690133 -0.003
0.00919977 -0.004
0.0114976 -0.005
0.013795 -0.006
0.0160922 -0.007
0.0183895 -0.008
0.0206871 -0.009
0.0229852 -0.01
0.025284 -0.011
0.0275838 -0.012
0.0298847 -0.013
0.0321871 -0.014
0.0344911 -0.015
0.036797 -0.016
0.039105 -0.017
0.0414153 -0.018
0.0437282 -0.019
0.0460438 -0.02
0.0483625 -0.021
0.0506844 -0.022
0.0530099 -0.023
0.055339 -0.024
0.0576721 -0.025
0.0600095 -0.026
0.0623512 -0.027
0.0646977 -0.028
0.067049 -0.029
0.0694056 -0.03
0.0717676 -0.031
0.0741352 -0.032
0.0765088 -0.033
0.0788885 -0.034
0.0812747 -0.035
0.0836676 -0.036
0.0860674 -0.037
0.0884745 -0.038
0.090889 -0.039
0.0933113 -0.04
0.0957416 -0.041
0.0981802 -0.042
0.100627 -0.043
0.103083 -0.044
0.105549 -0.045
0.108023 -0.046
0.110508 -0.047
0.113002 -0.048
0.115507 -0.049
0.118022 -0.05
0.120549 -0.051
0.123086 -0.052
0.125635 -0.053
0.128196 -0.054
0.13077 -0.055
0.133356 -0.056
0.135954 -0.057
0.138566 -0.058
0.141192 -0.059
0.143832 -0.06
0.146486 -0.061
0.149154 -0.062
0.151838 -0.063
0.154537 -0.064
0.157252 -0.065
0.159984 -0.066
0.162732 -0.067
0.165497 -0.068
0.168279 -0.069
0.17108 -0.07
0.173898 -0.071
0.176736 -0.072
0.179593 -0.073
0.182469 -0.074
0.185366 -0.075
0.188284 -0.076
0.191222 -0.077
0.194183 -0.078
0.197165 -0.079
0.20017 -0.08
0.203199 -0.081
0.206251 -0.082
0.209328 -0.083
0.21243 -0.084
0.215557 -0.085
0.218711 -0.086
0.221891 -0.087
0.225099 -0.088
0.228335 -0.089
0.2316 -0.09
0.234894 -0.091
0.238218 -0.092
0.241574 -0.093
0.244961 -0.094
0.24838 -0.095
0.251832 -0.096
0.255319 -0.097
0.25884 -0.098
0.262397 -0.099
0.26599 -0.1
0.269621 -0.101
0.273291 -0.102
0.276999 -0.103
0.280748 -0.104
0.284538 -0.105
0.288371 -0.106
0.292246 -0.107
0.296167 -0.108
0.300132 -0.109
0.304145 -0.11
0.308206 -0.111
0.312315 -0.112
0.316476 -0.113
0.320688 -0.114
0.324953 -0.115
0.329272 -0.116
0.333648 -0.117
0.338081 -0.118
0.342573 -0.119
0.347126 -0.12
0.351741 -0.121
0.35642 -0.122
0.361165 -0.123
0.365977 -0.124
0.370859 -0.125
0.375812 -0.126
0.380839 -0.127
0.385941 -0.128
0.39112 -0.129
0.39638 -0.13
0.401722 -0.131
0.407149 -0.132
0.412663 -0.133
0.418267 -0.134
0.423964 -0.135
0.429756 -0.136
0.435646 -0.137
0.441638 -0.138
0.447734 -0.139
0.453938 -0.14
0.460254 -0.141
0.466684 -0.142
0.473234 -0.143
0.479905 -0.144
0.486704 -0.145
0.493633 -0.146
0.500698 -0.147
0.507903 -0.148
0.515252 -0.149
0.522751 -0.15
0.530406 -0.151
0.538221 -0.152
0.546203 -0.153
0.554357 -0.154
0.56269 -0.155
0.571209 -0.156
0.57992 -0.157
0.588831 -0.158
0.597949 -0.159
0.607284 -0.16
0.616842 -0.161
0.626633 -0.162
0.636668 -0.163
0.646954 -0.164
0.657503 -0.165
0.668327 -0.166
0.679436 -0.167
0.690842 -0.168
0.70256 -0.169
0.714601 -0.17
0.726982 -0.171
0.739717 -0.172
0.752822 -0.173
0.766314 -0.174
0.780213 -0.175
0.794536 -0.176
0.809305 -0.177
0.824541 -0.178
0.840267 -0.179
0.856508 -0.18
0.873291 -0.181
0.890642 -0.182
0.908592 -0.183
0.927172 -0.184
0.946417 -0.185
0.966361 -0.186
0.987044 -0.187
1.00851 -0.188
1.03079 -0.189
1.05395 -0.19
1.07803 -0.191
1.10308 -0.192
1.12917 -0.193
1.15635 -0.194
1.18469 -0.195
1.21427 -0.196
1.24515 -0.197
1.27742 -0.198
1.31118 -0.199
1.34651 -0.2
