0.00000000 -0.00000000
0.01023466 -0.00035000
0.02019947 -0.00070000
0.02989683 -0.00105000
0.03932911 -0.00140000
0.04849870 -0.00175000
0.05740797 -0.00210000
0.06605932 -0.00245000
0.07445511 -0.00280000
0.08259774 -0.00315000
0.09048958 -0.00350000
0.09813302 -0.00385000
0.10553044 -0.00420000
0.11268423 -0.00455000
0.11959675 -0.00490000
0.12627040 -0.00525000
0.13270756 -0.00560000
0.13891060 -0.00595000
0.14488192 -0.00630000
0.15062389 -0.00665000
0.15613889 -0.00700000
0.16142931 -0.00735000
0.16649753 -0.00770000
0.17134593 -0.00805000
0.17597689 -0.00840000
0.18039280 -0.00875000
0.18459603 -0.00910000
0.18858897 -0.00945000
0.19237400 -0.00980000
0.19595350 -0.01015000
0.19932986 -0.01050000
0.20250545 -0.01085000
0.20548267 -0.01120000
0.20826388 -0.01155000
0.21085147 -0.01190000
0.21324783 -0.01225000
0.21545533 -0.01260000
0.21747636 -0.01295000
0.21931331 -0.01330000
0.22096854 -0.01365000
0.22244444 -0.01400000
0.22374341 -0.01435000
0.22486781 -0.01470000
0.22582002 -0.01505000
0.22660244 -0.01540000
0.22721745 -0.01575000
0.22766742 -0.01610000
0.22795473 -0.01645000
0.22808178 -0.01680000
0.22805093 -0.01715000
0.22786458 -0.01750000
0.22752511 -0.01785000
0.22703489 -0.01820000
0.22639631 -0.01855000
0.22561175 -0.01890000
0.22468359 -0.01925000
0.22361422 -0.01960000
0.22240602 -0.01995000
0.22106136 -0.02030000
0.21958264 -0.02065000
0.21797222 -0.02100000
0.21623250 -0.02135000
0.21436586 -0.02170000
0.21237468 -0.02205000
0.21026133 -0.02240000
0.20802821 -0.02275000
0.20567769 -0.02310000
0.20321216 -0.02345000
0.20063400 -0.02380000
0.19794559 -0.02415000
0.19514931 -0.02450000
0.19224754 -0.02485000
0.18924267 -0.02520000
0.18613707 -0.02555000
0.18293314 -0.02590000
0.17963325 -0.02625000
0.17623978 -0.02660000
0.17275511 -0.02695000
0.16918164 -0.02730000
0.16552173 -0.02765000
0.16177778 -0.02800000
0.15795216 -0.02835000
0.15404725 -0.02870000
0.15006544 -0.02905000
0.14600911 -0.02940000
0.14188064 -0.02975000
0.13768242 -0.03010000
0.13341682 -0.03045000
0.12908622 -0.03080000
0.12469302 -0.03115000
0.12023958 -0.03150000
0.11572830 -0.03185000
0.11116156 -0.03220000
0.10654173 -0.03255000
0.10187119 -0.03290000
0.09715234 -0.03325000
0.09238756 -0.03360000
0.08757921 -0.03395000
0.08272969 -0.03430000
0.07784139 -0.03465000
