0.02 -0.265466
0.04 -0.523964
0.06 -0.769601
0.08 -0.998243
0.1 -1.20766
0.12 -1.39724
0.14 -1.56756
0.16 -1.71991
0.18 -1.85591
0.2 -1.97732
0.22 -2.08583
0.24 -2.183
0.26 -2.27027
0.28 -2.34887
0.3 -2.41989
0.32 -2.48428
0.34 -2.54285
0.36 -2.5963
0.38 -2.64525
0.4 -2.6902
0.42 -2.73162
0.44 -2.76988
0.46 -2.80534
0.48 -2.83828
0.5 -2.86897
0.52 -2.89762
0.54 -2.92444
0.56 -2.9496
0.58 -2.97325
0.6 -2.99553
0.62 -3.01656
0.64 -3.03644
0.66 -3.05528
0.68 -3.07316
0.7 -3.09016
0.72 -3.10634
0.74 -3.12176
0.76 -3.13649
0.78 -3.15057
0.8 -3.16405
0.82 -3.17698
0.84 -3.18938
0.86 -3.2013
0.88 -3.21276
0.9 -3.2238
0.92 -3.23444
0.94 -3.24471
0.96 -3.25462
0.98 -3.26421
1 -3.27348
