0.0296296 222202 2962.96 -222202 -2962.96
0.0592593 444405 5925.93 -444405 -5925.93
0.0888889 666607 8888.89 -666607 -8888.89
0.118519 888810 11851.9 -888810 -11851.9
0.148148 1.11101e+06 14814.8 -1.11101e+06 -14814.8
0.177778 1.33321e+06 17777.8 -1.33321e+06 -17777.8
0.207407 1.55542e+06 20740.7 -1.55542e+06 -20740.7
0.237037 1.77762e+06 23703.7 -1.77762e+06 -23703.7
0.266667 1.99982e+06 26666.7 -1.99982e+06 -26666.7
0.296296 2.22202e+06 29629.6 -2.22202e+06 -29629.6
0.325926 2.44423e+06 32592.6 -2.44423e+06 -32592.6
0.355556 2.66643e+06 35555.6 -2.66643e+06 -35555.6
0.385185 2.88863e+06 38518.5 -2.88863e+06 -38518.5
0.414815 3.11083e+06 41481.5 -3.11083e+06 -41481.5
0.444444 3.33304e+06 44444.4 -3.33304e+06 -44444.4
0.474074 3.55524e+06 47407.4 -3.55524e+06 -47407.4
0.503704 3.77744e+06 50370.4 -3.77744e+06 -50370.4
0.533333 3.99964e+06 53333.3 -3.99964e+06 -53333.3
0.562963 4.22185e+06 56296.3 -4.22185e+06 -56296.3
0.592593 4.44405e+06 59259.3 -4.44405e+06 -59259.3
0.622222 4.66625e+06 62222.2 -4.66625e+06 -62222.2
0.651852 4.88845e+06 65185.2 -4.88845e+06 -65185.2
0.681481 5.11066e+06 68148.1 -5.11066e+06 -68148.1
0.711111 5.33286e+06 71111.1 -5.33286e+06 -71111.1
0.740741 5.55506e+06 74074.1 -5.55506e+06 -74074.1
0.77037 5.77726e+06 77037 -5.77726e+06 -77037
0.8 5.99947e+06 80000 -5.99947e+06 -80000
0.82963 6.22167e+06 82963 -6.22167e+06 -82963
0.859259 6.44387e+06 85925.9 -6.44387e+06 -85925.9
0.888889 6.66607e+06 88888.9 -6.66607e+06 -88888.9
0.918519 6.88828e+06 91851.9 -6.88828e+06 -91851.9
0.948148 7.11048e+06 94814.8 -7.11048e+06 -94814.8
0.977778 7.33268e+06 97777.8 -7.33268e+06 -97777.8
1.00741 7.55488e+06 100741 -7.55488e+06 -100741
1.03704 7.77709e+06 103704 -7.77709e+06 -103704
1.06667 7.99929e+06 106667 -7.99929e+06 -106667
1.0963 8.22149e+06 109630 -8.22149e+06 -109630
1.12593 8.44369e+06 112593 -8.44369e+06 -112593
1.15556 8.6659e+06 115556 -8.6659e+06 -115556
1.18519 8.8881e+06 118519 -8.8881e+06 -118519
1.21481 9.1103e+06 121481 -9.1103e+06 -121481
1.24444 9.3325e+06 124444 -9.3325e+06 -124444
1.27407 9.55471e+06 127407 -9.55471e+06 -127407
1.3037 9.77691e+06 130370 -9.77691e+06 -130370
1.33333 9.99911e+06 133333 -9.99911e+06 -133333
1.36296 1.02213e+07 136296 -1.02213e+07 -136296
1.39259 1.04435e+07 139259 -1.04435e+07 -139259
1.42222 1.06657e+07 142222 -1.06657e+07 -142222
1.45185 1.08879e+07 145185 -1.08879e+07 -145185
1.48148 1.11101e+07 148148 -1.11101e+07 -148148
1.51111 1.13323e+07 151111 -1.13323e+07 -151111
1.54074 1.15545e+07 154074 -1.15545e+07 -154074
1.57037 1.17767e+07 157037 -1.17767e+07 -157037
1.6 1.19989e+07 160000 -1.19989e+07 -160000
1.62963 1.22211e+07 162963 -1.22211e+07 -162963
1.65926 1.24433e+07 165926 -1.24433e+07 -165926
1.68889 1.26655e+07 168889 -1.26655e+07 -168889
1.71852 1.28877e+07 171852 -1.28877e+07 -171852
1.74815 1.31099e+07 174815 -1.31099e+07 -174815
1.77778 1.33321e+07 177778 -1.33321e+07 -177778
1.80741 1.35544e+07 180741 -1.35544e+07 -180741
1.83704 1.37766e+07 183704 -1.37766e+07 -183704
1.86667 1.39988e+07 186667 -1.39988e+07 -186667
1.8963 1.4221e+07 189630 -1.4221e+07 -189630
1.92593 1.44432e+07 192593 -1.44432e+07 -192593
1.95556 1.46654e+07 195556 -1.46654e+07 -195556
1.98519 1.48876e+07 198519 -1.48876e+07 -198519
2.01481 1.51098e+07 201481 -1.51098e+07 -201481
2.04444 1.5332e+07 204444 -1.5332e+07 -204444
2.07407 1.55542e+07 207407 -1.55542e+07 -207407
2.1037 1.57764e+07 210370 -1.57764e+07 -210370
2.13333 1.59986e+07 213333 -1.59986e+07 -213333
2.16296 1.62208e+07 216296 -1.62208e+07 -216296
2.19259 1.6443e+07 219259 -1.6443e+07 -219259
2.22222 1.66652e+07 222222 -1.66652e+07 -222222
2.25185 1.68874e+07 225185 -1.68874e+07 -225185
2.28148 1.71096e+07 228148 -1.71096e+07 -228148
2.31111 1.73318e+07 231111 -1.73318e+07 -231111
2.34074 1.7554e+07 234074 -1.7554e+07 -234074
2.37037 1.77762e+07 237037 -1.77762e+07 -237037
2.4 1.79984e+07 240000 -1.79984e+07 -240000
2.42963 1.82206e+07 242963 -1.82206e+07 -242963
2.45926 1.84428e+07 245926 -1.84428e+07 -245926
2.48889 1.8665e+07 248889 -1.8665e+07 -248889
2.51852 1.88872e+07 251852 -1.88872e+07 -251852
2.54815 1.91094e+07 254815 -1.91094e+07 -254815
2.57778 1.93316e+07 257778 -1.93316e+07 -257778
2.60741 1.95538e+07 260741 -1.95538e+07 -260741
2.63704 1.9776e+07 263704 -1.9776e+07 -263704
2.66667 1.99982e+07 266667 -1.99982e+07 -266667
2.6963 2.02204e+07 269630 -2.02204e+07 -269630
2.72593 2.04426e+07 272593 -2.04426e+07 -272593
2.75556 2.06648e+07 275556 -2.06648e+07 -275556
2.78519 2.0887e+07 278519 -2.0887e+07 -278519
2.81481 2.11092e+07 281481 -2.11092e+07 -281481
2.84444 2.13314e+07 284444 -2.13314e+07 -284444
2.87407 2.15536e+07 287407 -2.15536e+07 -287407
2.9037 2.17758e+07 290370 -2.17758e+07 -290370
2.93333 2.1998e+07 293333 -2.1998e+07 -293333
2.96296 2.22202e+07 296296 -2.22202e+07 -296296
