0.0296296 -222222
0.0592593 -444444
0.0888889 -666667
0.118519 -888889
0.148148 -1.11111e+06
0.177778 -1.33333e+06
0.207407 -1.55556e+06
0.237037 -1.77778e+06
0.266667 -2e+06
0.296296 -2.22222e+06
0.325926 -2.44444e+06
0.355556 -2.66667e+06
0.385185 -2.88889e+06
0.414815 -3.11111e+06
0.444444 -3.33333e+06
0.474074 -3.55556e+06
0.503704 -3.77778e+06
0.533333 -4e+06
0.562963 -4.22222e+06
0.592593 -4.44444e+06
0.622222 -4.66667e+06
0.651852 -4.88889e+06
0.681481 -5.11111e+06
0.711111 -5.33333e+06
0.740741 -5.55556e+06
0.77037 -5.77778e+06
0.8 -6e+06
0.82963 -6.22222e+06
0.859259 -6.44444e+06
0.888889 -6.66667e+06
0.918519 -6.88889e+06
0.948148 -7.11111e+06
0.977778 -7.33333e+06
1.00741 -7.55556e+06
1.03704 -7.77778e+06
1.06667 -8e+06
1.0963 -8.22222e+06
1.12593 -8.44444e+06
1.15556 -8.66667e+06
1.18519 -8.88889e+06
1.21481 -9.11111e+06
1.24444 -9.33333e+06
1.27407 -9.55556e+06
1.3037 -9.77778e+06
1.33333 -1e+07
1.36296 -1.02222e+07
1.39259 -1.04444e+07
1.42222 -1.06667e+07
1.45185 -1.08889e+07
1.48148 -1.11111e+07
1.51111 -1.13333e+07
1.54074 -1.15556e+07
1.57037 -1.17778e+07
1.6 -1.2e+07
1.62963 -1.22222e+07
1.65926 -1.24444e+07
1.68889 -1.26667e+07
1.71852 -1.28889e+07
1.74815 -1.31111e+07
1.77778 -1.33333e+07
1.80741 -1.35556e+07
1.83704 -1.37778e+07
1.86667 -1.4e+07
1.8963 -1.42222e+07
1.92593 -1.44444e+07
1.95556 -1.46667e+07
1.98519 -1.48889e+07
2.01481 -1.51111e+07
2.04444 -1.53333e+07
2.07407 -1.55556e+07
2.1037 -1.57778e+07
2.13333 -1.6e+07
2.16296 -1.62222e+07
2.19259 -1.64444e+07
2.22222 -1.66667e+07
2.25185 -1.68889e+07
2.28148 -1.71111e+07
2.31111 -1.73333e+07
2.34074 -1.75556e+07
2.37037 -1.77778e+07
2.4 -1.8e+07
2.42963 -1.82222e+07
2.45926 -1.84444e+07
2.48889 -1.86667e+07
2.51852 -1.88889e+07
2.54815 -1.91111e+07
2.57778 -1.93333e+07
2.60741 -1.95556e+07
2.63704 -1.97778e+07
2.66667 -2e+07
2.6963 -2.02222e+07
2.72593 -2.04444e+07
2.75556 -2.06667e+07
2.78519 -2.08889e+07
2.81481 -2.11111e+07
2.84444 -2.13333e+07
2.87407 -2.15556e+07
2.9037 -2.17778e+07
2.93333 -2.2e+07
2.96296 -2.22222e+07
