0.0296296 -0.001
0.0592593 -0.002
0.0888889 -0.003
0.118519 -0.004
0.148148 -0.005
0.177778 -0.006
0.207407 -0.007
0.237037 -0.008
0.266667 -0.009
0.296296 -0.01
0.325926 -0.011
0.355556 -0.012
0.385185 -0.013
0.414815 -0.014
0.444444 -0.015
0.474074 -0.016
0.503704 -0.017
0.533333 -0.018
0.562963 -0.019
0.592593 -0.02
0.622222 -0.021
0.651852 -0.022
0.681481 -0.023
0.711111 -0.024
0.740741 -0.025
0.77037 -0.026
0.8 -0.027
0.82963 -0.028
0.859259 -0.029
0.888889 -0.03
0.918519 -0.031
0.948148 -0.032
0.977778 -0.033
1.00741 -0.034
1.03704 -0.035
1.06667 -0.036
1.0963 -0.037
1.12593 -0.038
1.15556 -0.039
1.18519 -0.04
1.21481 -0.041
1.24444 -0.042
1.27407 -0.043
1.3037 -0.044
1.33333 -0.045
1.36296 -0.046
1.39259 -0.047
1.42222 -0.048
1.45185 -0.049
1.48148 -0.05
1.51111 -0.051
1.54074 -0.052
1.57037 -0.053
1.6 -0.054
1.62963 -0.055
1.65926 -0.056
1.68889 -0.057
1.71852 -0.058
1.74815 -0.059
1.77778 -0.06
1.80741 -0.061
1.83704 -0.062
1.86667 -0.063
1.8963 -0.064
1.92593 -0.065
1.95556 -0.066
1.98519 -0.067
2.01481 -0.068
2.04444 -0.069
2.07407 -0.07
2.1037 -0.071
2.13333 -0.072
2.16296 -0.073
2.19259 -0.074
2.22222 -0.075
2.25185 -0.076
2.28148 -0.077
2.31111 -0.078
2.34074 -0.079
2.37037 -0.08
2.4 -0.081
2.42963 -0.082
2.45926 -0.083
2.48889 -0.084
2.51852 -0.085
2.54815 -0.086
2.57778 -0.087
2.60741 -0.088
2.63704 -0.089
2.66667 -0.09
2.6963 -0.091
2.72593 -0.092
2.75556 -0.093
2.78519 -0.094
2.81481 -0.095
2.84444 -0.096
2.87407 -0.097
2.9037 -0.098
2.93333 -0.099
2.96296 -0.1
